"Aikaleima"	"subId"	"kierros"	"f01"	"f02"	"f03"	"f04"	"f05"	"f06"	"f07"	"f08"	"f09"	"f10"	"f11"	"f12"	"f13"	"m01"	"m02"	"m03"	"group"	"age"	"sex1n0m"	"handedness1o0v"	"playtime"	"gamespeed"	"game_exp"	"liking"	"skill"	"virkeys"	"f11rec7"	"f12rec7"	"f13rec7"	"flow10"	"flow13"	"flow3"	"motiv3"	"difficulty"
"1"	"1.15.2016 13:55:07"	"KH1"	1	7	6	5	6	6	3	7	5	6	4	6	7	4	6	4	5	2	24	1	1	2.5	0.33	0.83	4	2	NA	5.5	4	5.5	5.5	5.38461538461539	5.66666666666667	5	6.25
"2"	"1.15.2016 14:09:59"	"KH1"	2	5	5	5	5	4	4	6	5	5	4	7	6	7	5	4	5	2	24	1	1	2.5	0.33	0.83	4	2	NA	4	5.5	4	4.8	4.73076923076923	6.66666666666667	4.66666666666667	4.5
"3"	"1.15.2016 14:23:19"	"KH1"	3	6	6	3	5	6	4	6	5	4	4	7	7	5	6	3	4	2	24	1	1	2.5	0.33	0.83	4	2	NA	4	4	7	4.9	4.92307692307692	6.33333333333333	4.33333333333333	6.5
"4"	"2.18.2016 16:16:37"	"KH10"	1	6	5	7	6	4	6	7	2	2	5	9	6	8	5	7	7	1	27	1	1	2.5	0.33	0.83	4	3	4	1	5.5	2.5	5	4.53846153846154	7.66666666666667	6.33333333333333	4.25
"5"	"2.18.2016 16:29:50"	"KH10"	2	5	4	6	5	4	7	6	3	3	6	8	6	8	5	6	6	1	27	1	1	2.5	0.33	0.83	4	3	3	2.5	5.5	2.5	4.9	4.57692307692308	7.33333333333333	5.66666666666667	3.75
"6"	"2.18.2016 16:43:37"	"KH10"	3	6	5	7	6	4	6	6	2	3	6	8	6	7	5	6	6	1	27	1	1	2.5	0.33	0.83	4	3	3	2.5	5.5	4	5.1	4.84615384615385	7	5.66666666666667	5
"7"	"2.25.2016 16:15:55"	"KH11"	1	6	5	4	2	5	3	5	3	3	2	3	3	6	6	5	5	2	25	1	0	0	0	0	2	1	4	4	4	5.5	3.8	3.96153846153846	4	5.33333333333333	5.75
"8"	"2.25.2016 16:30:19"	"KH11"	2	5	6	5	2	5	5	6	5	4	5	7	3	5	6	5	5	2	25	1	0	0	0	0	2	1	3	4	4	7	4.8	4.84615384615385	5	5.33333333333333	6
"9"	"2.25.2016 16:44:24"	"KH11"	3	6	6	5	2	5	6	6	4	5	5	5	3	5	5	3	3	2	25	1	0	0	0	0	2	1	4	7	4	7	5	5.23076923076923	4.33333333333333	3.66666666666667	6.5
"10"	"3.1.2016 11:27:10"	"KH12"	1	6	6	5	2	4	5	5	5	4	5	5	5	5	4	5	5	3	23	1	0	1	0	0	5	4	6	7	7	7	4.7	5.23076923076923	5	4.66666666666667	6.5
"11"	"3.1.2016 11:41:18"	"KH12"	2	6	5	4	2	4	5	4	4	4	5	5	5	5	4	3	4	3	23	1	0	1	0	0	5	4	5	7	7	7	4.3	4.92307692307692	5	3.66666666666667	6.5
"12"	"3.1.2016 11:55:29"	"KH12"	3	6	4	5	4	4	4	5	4	4	4	5	5	5	4	3	4	3	23	1	0	1	0	0	5	4	5	7	7	7	4.4	5	5	3.66666666666667	6.5
"13"	"3.9.2016 10:16:10"	"KH13"	1	2	5	7	2	4	6	6	3	2	7	9	3	8	5	3	3	1	29	0	1	15	1	15	5	4	4	1	4	2.5	4.4	3.96153846153846	6.66666666666667	3.66666666666667	2.25
"14"	"3.9.2016 10:29:25"	"KH13"	2	2	3	7	3	4	6	5	2	2	6	9	1	9	2	3	2	1	29	0	1	15	1	15	5	4	4	1	1	1	4	3.30769230769231	6.33333333333333	2.33333333333333	1.5
"15"	"3.9.2016 10:42:00"	"KH13"	3	2	3	6	3	3	6	5	3	2	5	9	2	9	2	1	1	1	29	0	1	15	1	15	5	4	3	1	2.5	1	3.8	3.26923076923077	6.66666666666667	1.33333333333333	1.5
"16"	"3.9.2016 11:31:39"	"KH14"	1	6	7	7	7	6	7	7	5	5	5	3	8	4	7	6	7	2	29	1	1	2.5	0.5	1.25	4	3	7	4	2.5	5.5	6.2	5.69230769230769	5	6.66666666666667	5.75
"17"	"3.9.2016 11:44:58"	"KH14"	2	5	6	6	6	6	7	5	4	3	5	6	7	6	6	5	6	2	29	1	1	2.5	0.5	1.25	4	3	7	5.5	4	5.5	5.3	5.23076923076923	6.33333333333333	5.66666666666667	5.25
"18"	"3.9.2016 11:58:27"	"KH14"	3	6	7	7	7	6	7	7	5	5	6	8	7	6	7	4	5	2	29	1	1	2.5	0.5	1.25	4	3	7	2.5	4	5.5	6.3	5.76923076923077	7	5.33333333333333	5.75
"19"	"3.10.2016 10:22:45"	"KH15"	1	2	6	5	4	5	5	7	4	5	2	3	7	2	6	5	5	3	26	1	1	0	1	0	1	1	4	4	4	2.5	4.5	4.26923076923077	4	5.33333333333333	2.25
"20"	"3.10.2016 10:37:23"	"KH15"	2	5	5	2	5	4	2	5	4	4	5	3	7	3	3	3	3	3	26	1	1	0	1	0	1	1	3	4	4	4	4.1	4.07692307692308	4.33333333333333	3	4.5
"21"	"3.10.2016 10:50:37"	"KH15"	3	3	4	2	6	3	2	6	6	6	6	3	7	3	2	2	2	3	26	1	1	0	1	0	1	1	2	4	4	4	4.4	4.30769230769231	4.33333333333333	2	3.5
"22"	"3.10.2016 12:46:58"	"KH16"	1	7	3	6	6	3	5	2	2	1	7	7	3	7	5	5	6	1	21	1	1	0	0	0	3	2	3	4	4	4	4.2	4.15384615384615	5.66666666666667	5.33333333333333	5.5
"23"	"3.10.2016 13:01:33"	"KH16"	2	6	5	6	2	4	7	4	3	5	7	7	4	6	6	6	6	1	21	1	1	0	0	0	3	2	4	4	5.5	5.5	4.9	4.92307692307692	5.66666666666667	6	5.75
"24"	"3.10.2016 13:15:43"	"KH16"	3	6	5	7	4	5	7	5	5	4	7	7	4	6	6	5	5	1	21	1	1	0	0	0	3	2	4	4	5.5	5.5	5.5	5.38461538461539	5.66666666666667	5.33333333333333	5.75
"25"	"3.14.2016 10:18:03"	"KH17"	1	7	5	6	5	4	6	6	4	4	6	5	5	5	7	5	5	2	19	1	1	2.5	0	0	4	3	5	7	7	7	5.3	5.69230769230769	5	5.66666666666667	7
"26"	"3.14.2016 10:31:34"	"KH17"	2	4	4	6	5	5	5	6	5	6	5	5	6	4	5	5	5	2	19	1	1	2.5	0	0	4	3	5	7	5.5	5.5	5.1	5.30769230769231	5	5	4.75
"27"	"3.14.2016 10:45:40"	"KH17"	3	6	5	6	4	5	4	6	4	4	4	6	5	5	6	2	5	2	19	1	1	2.5	0	0	4	3	5	5.5	7	7	4.8	5.19230769230769	5.33333333333333	4.33333333333333	6.5
"28"	"3.14.2016 11:27:46"	"KH18"	1	5	5	4	6	6	3	5	6	5	5	4	6	5	5	5	6	3	27	0	1	15	0	0	4	2	6	5.5	5.5	7	5	5.23076923076923	5	5.33333333333333	6
"29"	"3.14.2016 11:41:37"	"KH18"	2	3	4	6	6	5	5	5	6	5	5	3	7	4	6	5	6	3	27	0	1	15	0	0	4	2	6	4	4	5.5	5	4.88461538461539	4.66666666666667	5.66666666666667	4.25
"30"	"3.14.2016 11:55:10"	"KH18"	3	1	3	2	4	5	2	4	6	6	6	1	8	1	3	2	5	3	27	0	1	15	0	0	4	2	5	1	2.5	1	3.9	3.34615384615385	3.33333333333333	3.33333333333333	1
"31"	"3.14.2016 14:55:33"	"KH19"	1	5	3	5	2	2	2	4	2	2	3	6	3	6	3	2	2	1	23	1	1	0	0	0	3	3	3	5.5	4	5.5	3	3.46153846153846	5	2.33333333333333	5.25
"32"	"3.14.2016 15:09:30"	"KH19"	2	5	3	5	5	3	5	6	2	3	5	4	4	5	5	4	5	1	23	1	1	0	0	0	3	3	3	5.5	5.5	7	4.2	4.61538461538461	4.33333333333333	4.66666666666667	6
"33"	"3.14.2016 15:22:42"	"KH19"	3	5	3	6	3	2	6	5	2	3	4	3	5	5	4	3	3	1	23	1	1	0	0	0	3	3	2	4	7	7	3.9	4.38461538461539	4.33333333333333	3.33333333333333	6
"34"	"1.22.2016 9:54:09"	"KH2"	1	5	5	4	3	3	3	4	5	3	4	7	3	7	2	2	2	1	22	1	1	0	0	0	3	1	NA	4	4	4	3.9	3.92307692307692	5.66666666666667	2	4.5
"35"	"1.22.2016 10:06:52"	"KH2"	2	5	5	5	3	5	4	4	5	5	3	4	4	6	3	2	2	1	22	1	1	0	0	0	3	1	NA	5.5	5.5	5.5	4.4	4.65384615384615	4.66666666666667	2.33333333333333	5.25
"36"	"1.22.2016 10:19:16"	"KH2"	3	5	5	5	3	3	3	4	4	4	3	3	3	6	2	2	2	1	22	1	1	0	0	0	3	1	NA	4	4	5.5	3.9	4.03846153846154	4	2	5.25
"37"	"3.15.2016 11:41:37"	"KH20"	1	6	5	6	6	6	5	4	6	7	4	1	5	5	6	5	6	2	37	1	1	0	0.5	0	3	2	6	1	7	7	5.5	5.38461538461539	3.66666666666667	5.66666666666667	6.5
"38"	"3.15.2016 11:56:32"	"KH20"	2	5	5	7	6	6	6	6	6	7	6	1	4	5	6	5	6	2	37	1	1	0	0.5	0	3	2	6	1	5.5	7	6	5.65384615384615	3.33333333333333	5.66666666666667	6
"39"	"3.15.2016 12:10:51"	"KH20"	3	6	6	7	6	6	6	6	6	7	5	1	5	4	6	5	6	2	37	1	1	0	0.5	0	3	2	6	1	7	5.5	6.1	5.73076923076923	3.33333333333333	5.66666666666667	5.75
"40"	"3.15.2016 12:48:26"	"KH21"	1	7	7	6	5	6	5	7	5	6	6	4	8	4	6	5	6	3	21	1	1	2.5	0	0	4	3	7	5.5	2.5	5.5	6	5.65384615384615	5.33333333333333	5.66666666666667	6.25
"41"	"3.15.2016 13:02:09"	"KH21"	2	7	5	6	7	6	6	6	6	6	6	5	8	5	6	5	6	3	21	1	1	2.5	0	0	4	3	6	7	2.5	7	6.1	5.96153846153846	6	5.66666666666667	7
"42"	"3.15.2016 13:15:36"	"KH21"	3	7	6	7	6	6	7	7	6	7	7	7	8	5	7	5	5	3	21	1	1	2.5	0	0	4	3	7	4	2.5	7	6.6	6.11538461538461	6.66666666666667	5.66666666666667	7
"43"	"3.15.2016 14:00:00"	"KH22"	1	5	4	5	6	6	6	4	4	4	2	5	5	5	6	4	5	1	24	1	1	15	1	15	5	4	6	7	7	7	4.6	5.15384615384615	5	5	6
"44"	"3.15.2016 14:14:49"	"KH22"	2	6	5	6	6	6	6	6	5	4	1	5	6	5	6	4	6	1	24	1	1	15	1	15	5	4	6	7	5.5	7	5.1	5.42307692307692	5.33333333333333	5.33333333333333	6.5
"45"	"3.15.2016 14:28:51"	"KH22"	3	6	4	6	4	4	6	4	4	3	2	6	6	6	6	4	5	1	24	1	1	15	1	15	5	4	6	5.5	5.5	5.5	4.3	4.57692307692308	6	5	5.75
"46"	"3.16.2016 10:21:27"	"KH23"	1	7	3	6	4	4	4	5	5	5	5	2	6	4	6	5	3	2	29	1	1	2.5	0	0	4	3	6	2.5	5.5	5.5	4.8	4.73076923076923	4	4.66666666666667	6.25
"47"	"3.16.2016 10:36:28"	"KH23"	2	5	5	6	6	6	6	5	5	5	6	3	7	5	6	6	6	2	29	1	1	2.5	0	0	4	3	6	4	4	7	5.5	5.38461538461539	5	6	6
"48"	"3.16.2016 10:50:42"	"KH23"	3	6	6	7	6	6	7	5	6	5	6	4	7	4	6	6	6	2	29	1	1	2.5	0	0	4	3	5	5.5	4	5.5	6	5.76923076923077	5	6	5.75
"49"	"3.16.2016 13:04:19"	"KH24"	1	3	4	3	3	6	2	5	5	4	1	2	3	5	4	4	5	3	21	1	0	0	0	0	4	2	5	2.5	4	7	3.6	3.80769230769231	3.33333333333333	4.33333333333333	5
"50"	"3.16.2016 13:18:22"	"KH24"	2	4	5	3	4	5	3	3	4	3	2	2	3	5	4	4	5	3	21	1	0	0	0	0	4	2	5	2.5	4	7	3.6	3.80769230769231	3.33333333333333	4.33333333333333	5.5
"51"	"3.16.2016 13:32:11"	"KH24"	3	4	4	2	5	4	2	4	3	4	3	2	3	5	4	4	4	3	21	1	0	0	0	0	4	2	4	2.5	4	7	3.5	3.73076923076923	3.33333333333333	4	5.5
"52"	"3.16.2016 15:15:37"	"KH25"	1	5	6	7	5	5	7	7	3	3	4	7	7	7	7	5	6	1	23	0	1	1	0.67	0.67	5	5	6	4	4	4	5.2	4.92307692307692	7	6	4.5
"53"	"3.16.2016 15:29:08"	"KH25"	2	6	6	7	6	5	6	6	3	3	4	7	7	7	6	5	5	1	23	0	1	1	0.67	0.67	5	5	5	4	4	4	5.2	4.92307692307692	7	5.33333333333333	5
"54"	"3.16.2016 15:41:52"	"KH25"	3	6	6	6	5	5	5	6	4	4	4	6	8	6	5	3	3	1	23	0	1	1	0.67	0.67	5	5	4	5.5	2.5	5.5	5.1	4.96153846153846	6.66666666666667	3.66666666666667	5.75
"55"	"3.17.2016 15:29:44"	"KH26"	1	6	6	5	3	4	6	6	4	5	4	6	3	6	6	4	5	2	23	0	1	2.5	0	0	3	2	4	5.5	4	5.5	4.9	4.92307692307692	5	5	5.75
"56"	"3.17.2016 15:42:37"	"KH26"	2	5	6	6	5	5	5	6	4	4	3	6	4	6	5	4	5	2	23	0	1	2.5	0	0	3	2	4	5.5	5.5	5.5	4.9	5.03846153846154	5.33333333333333	4.66666666666667	5.25
"57"	"3.17.2016 15:56:08"	"KH26"	3	6	6	5	4	3	5	7	5	5	5	6	4	4	5	4	5	2	23	0	1	2.5	0	0	3	2	4	5.5	5.5	5.5	5.1	5.19230769230769	4.66666666666667	4.66666666666667	5.75
"58"	"3.17.2016 16:45:52"	"KH27"	1	3	4	5	5	3	3	6	5	5	6	3	7	4	5	5	5	3	21	0	1	2.5	0.5	1.25	4	3	4	4	4	5.5	4.5	4.5	4.66666666666667	5	4.25
"59"	"3.17.2016 16:59:33"	"KH27"	2	5	4	5	5	4	4	5	5	4	5	4	7	5	5	5	5	3	21	0	1	2.5	0.5	1.25	4	3	4	5.5	4	7	4.6	4.80769230769231	5.33333333333333	5	6
"60"	"3.17.2016 17:13:18"	"KH27"	3	5	4	3	3	3	3	5	3	4	6	5	7	4	5	4	4	3	21	0	1	2.5	0.5	1.25	4	3	3	7	4	5.5	3.9	4.26923076923077	5.33333333333333	4.33333333333333	5.25
"61"	"3.18.2016 9:17:49"	"KH28"	1	7	4	5	5	5	5	5	4	4	5	6	5	7	5	4	5	1	19	1	1	1	1	1	5	3	5	5.5	7	4	4.9	5.03846153846154	6	4.66666666666667	5.5
"62"	"3.18.2016 9:31:12"	"KH28"	2	6	4	5	4	4	5	4	4	4	4	6	6	6	5	4	4	1	19	1	1	1	1	1	5	3	5	5.5	5.5	5.5	4.4	4.65384615384615	6	4.33333333333333	5.75
"63"	"3.18.2016 9:44:23"	"KH28"	3	7	3	4	4	3	4	3	3	3	3	7	5	7	4	3	3	1	19	1	1	1	1	1	5	3	4	4	7	4	3.7	4	6.33333333333333	3.33333333333333	5.5
"64"	"3.18.2016 10:36:53"	"KH29"	1	6	3	5	6	3	2	6	5	2	5	7	6	7	5	6	5	2	27	1	1	1	0.25	0.25	4	3	5	4	5.5	4	4.3	4.34615384615385	6.66666666666667	5.33333333333333	5
"65"	"3.18.2016 10:53:37"	"KH29"	2	6	4	5	2	2	5	5	3	3	5	7	7	7	4	4	3	2	27	1	1	1	0.25	0.25	4	3	4	4	4	4	4	4	7	3.66666666666667	5
"66"	"3.18.2016 11:08:33"	"KH29"	3	5	3	4	1	2	3	5	3	2	6	7	6	7	2	2	2	2	27	1	1	1	0.25	0.25	4	3	4	4	5.5	4	3.4	3.65384615384615	6.66666666666667	2	4.5
"67"	"2.2.2016 16:17:39"	"KH3"	1	6	4	5	2	2	5	6	4	2	4	6	4	5	5	5	5	3	24	1	1	0	0	0	3	2	NA	5.5	5.5	7	4	4.46153846153846	5	5	6.5
"68"	"2.2.2016 16:31:08"	"KH3"	2	3	3	6	3	3	5	4	3	3	5	4	3	4	5	3	4	3	24	1	1	0	0	0	3	2	NA	5.5	4	5.5	3.8	4.07692307692308	3.66666666666667	4	4.25
"69"	"2.2.2016 16:43:47"	"KH3"	3	3	5	5	3	3	3	5	3	3	4	3	4	4	5	3	3	3	24	1	1	0	0	0	3	2	NA	4	5.5	5.5	3.7	4	3.66666666666667	3.66666666666667	4.25
"70"	"3.18.2016 15:10:35"	"KH30"	1	3	5	5	1	5	5	4	5	4	2	4	4	3	5	5	6	3	24	0	1	2.5	0.5	1.25	4	4	7	5.5	5.5	4	3.9	4.15384615384615	3.66666666666667	5.33333333333333	3.5
"71"	"3.18.2016 15:24:40"	"KH30"	2	5	6	3	5	4	3	6	5	5	2	4	4	4	5	4	5	3	24	0	1	2.5	0.5	1.25	4	4	6	5.5	5.5	5.5	4.4	4.65384615384615	4	4.66666666666667	5.25
"72"	"3.18.2016 15:38:41"	"KH30"	3	5	5	2	5	2	2	6	5	4	3	4	4	4	4	3	5	3	24	0	1	2.5	0.5	1.25	4	4	5	5.5	5.5	5.5	3.9	4.26923076923077	4	4	5.25
"73"	"3.23.2016 11:24:54"	"KH31"	1	5	3	6	6	4	6	6	2	2	4	3	4	5	5	5	4	1	30	0	1	1	0	0	5	3	6	4	5.5	7	4.4	4.65384615384615	4	4.66666666666667	6
"74"	"3.23.2016 11:38:13"	"KH31"	2	5	4	5	6	4	6	5	3	3	4	3	3	5	5	3	4	1	30	0	1	1	0	0	5	3	5	4	4	7	4.5	4.61538461538461	3.66666666666667	4	6
"75"	"3.23.2016 11:51:10"	"KH31"	3	3	5	6	6	5	6	7	2	4	4	2	3	4	4	2	4	1	30	0	1	1	0	0	5	3	5	2.5	4	5.5	4.8	4.61538461538461	3	3.33333333333333	4.25
"76"	"3.26.2016 16:11:53"	"KH32"	1	5	3	5	3	5	5	5	2	2	4	6	1	7	1	1	1	2	26	1	1	1	0	0	3	2	5	5.5	1	4	3.9	3.80769230769231	4.66666666666667	1	4.5
"77"	"3.26.2016 16:25:33"	"KH32"	2	6	4	3	3	6	4	6	2	2	3	5	1	5	1	1	1	2	26	1	1	1	0	0	3	2	6	7	1	7	3.9	4.15384615384615	3.66666666666667	1	6.5
"78"	"3.26.2016 16:38:11"	"KH32"	3	7	6	2	5	7	2	6	2	2	7	5	1	5	1	1	1	2	26	1	1	1	0	0	3	2	6	7	1	7	4.6	4.69230769230769	3.66666666666667	1	7
"79"	"3.26.2016 17:09:21"	"KH33"	1	5	4	5	4	5	6	5	5	4	3	6	3	4	6	5	5	3	27	1	0	1	0	0	3	2	4	5.5	4	5.5	4.6	4.69230769230769	4.33333333333333	5.33333333333333	5.25
"80"	"3.26.2016 17:23:11"	"KH33"	2	4	5	4	3	3	4	5	5	6	4	5	7	3	4	3	3	3	27	1	0	1	0	0	3	2	3	7	4	4	4.3	4.46153846153846	5	3.33333333333333	4
"81"	"3.26.2016 17:37:03"	"KH33"	3	2	5	4	3	3	3	5	5	6	4	3	5	3	3	2	2	3	27	1	0	1	0	0	3	2	2	4	7	4	4	4.23076923076923	3.66666666666667	2.33333333333333	3
"82"	"3.29.2016 11:20:45"	"KH34"	1	6	5	5	3	3	3	5	2	2	4	2	6	6	5	4	5	2	25	0	1	15	1	15	4	4	4	2.5	5.5	5.5	3.8	3.96153846153846	4.66666666666667	4.66666666666667	5.75
"83"	"3.29.2016 11:35:00"	"KH34"	2	5	3	4	2	2	3	4	2	2	5	3	6	5	5	5	5	2	25	0	1	15	1	15	4	4	4	4	5.5	7	3.2	3.73076923076923	4.66666666666667	5	6
"84"	"3.29.2016 11:48:39"	"KH34"	3	6	5	4	3	3	3	5	3	3	5	3	7	4	5	5	5	2	25	0	1	15	1	15	4	4	5	4	4	5.5	4	4.11538461538461	4.66666666666667	5	5.75
"85"	"2.2.2016 17:06:08"	"KH4"	1	5	4	3	6	2	3	4	4	5	3	8	7	7	5	6	6	1	24	0	1	1	0	0	4	3	NA	2.5	4	4	3.9	3.80769230769231	7.33333333333333	5.66666666666667	4.5
"86"	"2.2.2016 17:21:27"	"KH4"	2	5	5	5	3	4	5	4	4	3	4	7	6	5	6	6	7	1	24	0	1	1	0	0	4	3	NA	4	5.5	7	4.2	4.5	6	6.33333333333333	6
"87"	"2.2.2016 17:36:48"	"KH4"	3	5	6	7	6	4	6	5	6	5	7	6	7	5	6	6	7	1	24	0	1	1	0	0	4	3	NA	5.5	4	7	5.7	5.65384615384615	6	6.33333333333333	6
"88"	"2.9.2016 16:53:20"	"KH6"	1	5	5	6	4	3	5	5	5	5	4	3	5	5	6	5	6	3	27	0	1	2.5	0	0	4	3	4	4	7	7	4.7	5	4.33333333333333	5.66666666666667	6
"89"	"2.9.2016 17:08:04"	"KH6"	2	5	5	4	4	4	5	5	6	6	5	4	5	3	5	5	5	3	27	0	1	2.5	0	0	4	3	4	5.5	7	4	4.9	5.03846153846154	4	5	4.5
"90"	"2.9.2016 17:21:55"	"KH6"	3	4	4	5	3	3	4	6	6	6	5	3	5	3	5	4	4	3	27	0	1	2.5	0	0	4	3	4	4	7	4	4.6	4.69230769230769	3.66666666666667	4.33333333333333	4
"91"	"2.16.2016 12:31:58"	"KH7"	1	6	4	6	3	6	6	6	6	5	5	5	6	6	6	6	6	1	19	1	1	2.5	0	0	4	3	5	7	5.5	5.5	5.3	5.46153846153846	5.66666666666667	6	5.75
"92"	"2.16.2016 12:47:01"	"KH7"	2	3	3	5	4	3	6	4	5	3	5	6	4	7	5	5	5	1	19	1	1	2.5	0	0	4	3	5	5.5	5.5	4	4.1	4.30769230769231	5.66666666666667	5	3.5
"93"	"2.16.2016 13:01:14"	"KH7"	3	5	4	6	3	5	6	5	5	4	5	5	6	5	6	6	6	1	19	1	1	2.5	0	0	4	3	5	7	5.5	7	4.8	5.19230769230769	5.33333333333333	6	6
"94"	"2.18.2016 12:25:16"	"KH8"	1	5	6	6	2	5	6	6	5	5	5	6	6	5	6	6	7	2	23	1	1	7.5	0.67	5	5	3	6	5.5	5.5	7	5.1	5.30769230769231	5.66666666666667	6.33333333333333	6
"95"	"2.18.2016 12:38:53"	"KH8"	2	6	4	6	5	3	6	4	4	3	5	7	5	6	5	5	4	2	23	1	1	7.5	0.67	5	5	3	4	4	7	5.5	4.6	4.80769230769231	6	4.66666666666667	5.75
"96"	"2.18.2016 12:52:32"	"KH8"	3	6	5	5	5	5	6	5	5	4	6	7	6	6	6	3	3	2	23	1	1	7.5	0.67	5	5	3	5	4	5.5	5.5	5.2	5.15384615384615	6.33333333333333	4	5.75
"97"	"2.18.2016 14:36:44"	"KH9"	1	3	5	4	2	2	3	5	3	4	5	3	5	2	4	4	5	3	25	0	1	25	0.5	12.5	4	3	3	4	7	2.5	3.6	3.80769230769231	3.33333333333333	4.33333333333333	2.75
"98"	"2.18.2016 14:51:20"	"KH9"	2	2	4	2	3	4	2	5	3	3	6	4	5	3	2	2	3	3	25	0	1	25	0.5	12.5	4	3	3	5.5	7	4	3.4	3.88461538461538	4	2.33333333333333	3
"99"	"2.18.2016 15:04:41"	"KH9"	3	5	5	4	3	3	4	6	4	4	5	5	5	4	4	2	4	3	25	0	1	25	0.5	12.5	4	3	2	7	7	5.5	4.3	4.80769230769231	4.66666666666667	3.33333333333333	5.25
