subId,roundId,group,isTestGame,successInStatic,gameNumber,gameInterval,previousIntervalChange,pressesToSuccess,duration
KH1,1,2,1,0,1,450.00000000,0.00000000,19,2360
KH1,1,2,1,1,2,430.00000000,0.00000000,0,10831
KH1,1,2,1,1,3,410.00000000,0.00000000,0,10749
KH1,1,2,1,0,4,390.00000000,0.00000000,2,10302
KH1,1,2,1,1,5,370.00000000,0.00000000,0,10547
KH1,1,2,1,1,6,350.00000000,0.00000000,0,10688
KH1,1,2,1,0,7,330.00000000,0.00000000,1,11254
KH1,1,2,1,1,8,310.00000000,0.00000000,0,10932
KH1,1,2,1,0,9,290.00000000,0.00000000,14,6900
KH1,1,2,1,0,10,270.00000000,0.00000000,32,2519
KH1,1,2,1,0,11,250.00000000,0.00000000,24,5344
KH1,2,2,0,1,12,400.00000000,0.00000000,0,10664
KH1,2,2,0,0,13,350.00000000,-50.00000000,20,4071
KH1,2,2,0,1,14,362.50000000,12.50000000,0,10718
KH1,2,2,0,0,15,351.38888889,-11.11111111,5,9165
KH1,2,2,0,0,16,357.63888889,6.25000000,3,9368
KH1,2,2,0,0,17,371.63888889,14.00000000,25,2129
KH1,2,2,0,1,18,389.69444444,18.05555556,0,10632
KH1,2,2,0,0,19,395.81689342,6.12244898,15,5315
KH1,2,2,0,1,20,406.75439342,10.93750000,0,10776
KH1,2,2,0,1,21,409.84081318,3.08641975,0,10911
KH1,2,2,0,1,22,407.34081318,-2.50000000,0,10821
KH1,2,2,0,1,23,400.72924293,-6.61157025,0,10611
KH1,2,2,0,0,24,391.00702071,-9.72222222,24,1955
KH1,2,2,0,1,25,386.56915088,-4.43786982,0,10581
KH1,2,2,0,0,26,379.17119170,-7.39795918,14,5398
KH1,2,2,0,0,27,376.06008059,-3.11111111,25,1432
KH1,2,2,0,1,28,376.50452503,0.44444444,0,10757
KH1,3,2,0,1,29,373.39341392,-3.11111111,0,10626
KH1,3,2,0,1,30,367.17119170,-6.22222222,0,10807
KH1,3,2,0,0,31,357.83785837,-9.33333333,7,8427
KH1,3,2,0,1,32,352.50452503,-5.33333333,0,10826
KH1,3,2,0,1,33,344.50452503,-8.00000000,0,10794
KH1,3,2,0,1,34,334.28230281,-10.22222222,0,10634
KH1,3,2,0,0,35,321.83785837,-12.44444444,28,2088
KH1,3,2,0,0,36,314.28230281,-7.55555556,20,4555
KH1,3,2,0,0,37,311.17119170,-3.11111111,30,2133
KH1,3,2,0,0,38,312.06008059,0.88888889,11,7341
KH1,3,2,0,0,39,316.50452503,4.44444444,4,9687
KH1,3,2,0,0,40,324.06008059,7.55555556,19,4467
KH1,3,2,0,0,41,334.72674726,10.66666667,24,2893
KH1,3,2,0,1,42,348.06008059,13.33333333,0,10577
KH1,3,2,0,0,43,357.39341392,9.33333333,2,9741
KH1,3,2,0,0,44,369.83785837,12.44444444,10,7049
KH1,3,2,0,1,45,384.94896948,15.11111111,0,10489
KH1,4,2,0,1,46,395.61563615,10.66666667,0,10824
KH1,4,2,0,0,47,401.83785837,6.22222222,1,10569
KH1,4,2,0,0,48,410.72674726,8.88888889,23,1226
KH1,4,2,0,1,49,421.83785837,11.11111111,0,10674
KH1,4,2,0,1,50,428.06008059,6.22222222,0,10950
KH1,4,2,0,0,51,429.39341392,1.33333333,1,10305
KH1,4,2,0,0,52,432.94896948,3.55555556,17,3475
KH1,4,2,0,1,53,438.72674726,5.77777778,0,10623
KH1,4,2,0,1,54,440.06008059,1.33333333,0,10728
KH1,4,2,0,1,55,437.39341392,-2.66666667,0,10577
KH1,4,2,0,1,56,431.17119170,-6.22222222,0,10536
KH1,4,2,0,1,57,421.83785837,-9.33333333,0,10605
KH1,4,2,0,1,58,409.83785837,-12.00000000,0,10842
KH1,4,2,0,1,59,395.17119170,-14.66666667,0,10919
KH1,4,2,0,1,60,378.28230281,-16.88888889,0,10782
KH1,5,2,1,1,61,450.00000000,-16.88888889,0,10426
KH1,5,2,1,1,62,430.00000000,-16.88888889,0,10850
KH1,5,2,1,1,63,410.00000000,-16.88888889,0,10857
KH1,5,2,1,1,64,390.00000000,-16.88888889,0,10622
KH1,5,2,1,1,65,370.00000000,-16.88888889,0,10472
KH1,5,2,1,1,66,350.00000000,-16.88888889,0,10670
KH1,5,2,1,0,67,330.00000000,-16.88888889,4,9722
KH1,5,2,1,1,68,310.00000000,-16.88888889,0,10814
KH1,5,2,1,0,69,290.00000000,-16.88888889,31,1999
KH1,5,2,1,0,70,270.00000000,-16.88888889,26,4050
KH1,5,2,1,0,71,250.00000000,-16.88888889,30,3487
KH1,6,2,0,0,72,359.61563615,-18.66666667,0,10535
KH1,6,2,0,0,73,345.83785837,-13.77777778,2,10225
KH1,6,2,0,0,74,336.50452503,-9.33333333,5,9514
KH1,6,2,0,1,75,331.61563615,-4.88888889,0,10807
KH1,6,2,0,0,76,324.50452503,-7.11111111,13,6863
KH1,6,2,0,1,77,321.83785837,-2.66666667,0,10880
KH1,6,2,0,0,78,316.50452503,-5.33333333,6,9072
KH1,6,2,0,1,79,315.61563615,-0.88888889,0,10591
KH1,6,2,0,0,80,312.50452503,-3.11111111,13,6724
KH1,6,2,0,0,81,313.83785837,1.33333333,8,8013
KH1,6,2,0,0,82,319.17119170,5.33333333,14,6548
KH1,6,2,0,0,83,328.06008059,8.88888889,19,4746
KH1,6,2,0,1,84,340.06008059,12.00000000,0,10719
KH1,6,2,0,1,85,348.06008059,8.00000000,0,10662
KH1,6,2,0,1,86,352.06008059,4.00000000,0,10818
KH1,7,2,0,1,87,352.06008059,-0.00000000,0,10787
KH1,7,2,0,0,88,348.06008059,-4.00000000,28,1306
KH1,7,2,0,1,89,347.17119170,-0.88888889,0,10596
KH1,7,2,0,1,90,342.72674726,-4.44444444,0,10745
KH1,7,2,0,1,91,335.17119170,-7.55555556,0,10585
KH1,7,2,0,0,92,324.50452503,-10.66666667,29,1685
KH1,7,2,0,0,93,317.83785837,-6.66666667,10,7977
KH1,7,2,0,0,94,314.72674726,-3.11111111,21,3939
KH1,7,2,0,0,95,315.17119170,0.44444444,8,8402
KH1,7,2,0,1,96,318.72674726,3.55555556,0,10785
KH1,7,2,0,0,97,318.72674726,0.00000000,18,4868
KH1,7,2,0,1,98,322.28230281,3.55555556,0,10890
KH1,7,2,0,0,99,322.72674726,0.44444444,20,3996
KH1,7,2,0,1,100,327.17119170,4.44444444,0,10765
KH1,7,2,0,1,101,328.50452503,1.33333333,0,10669
KH1,7,2,0,0,102,326.72674726,-1.77777778,14,5963
KH1,7,2,0,1,103,328.50452503,1.77777778,0,10823
KH1,8,2,0,0,104,326.72674726,-1.77777778,30,1266
KH1,8,2,0,1,105,328.50452503,1.77777778,0,10679
KH1,8,2,0,0,106,326.72674726,-1.77777778,9,8197
KH1,8,2,0,0,107,328.06008059,1.33333333,13,6385
KH1,8,2,0,0,108,332.06008059,4.00000000,2,10546
KH1,8,2,0,1,109,338.72674726,6.66666667,0,10733
KH1,8,2,0,0,110,341.39341392,2.66666667,23,3220
KH1,8,2,0,1,111,347.17119170,5.77777778,0,10553
KH1,8,2,0,0,112,349.39341392,2.22222222,1,10415
KH1,8,2,0,0,113,354.72674726,5.33333333,23,3111
KH1,8,2,0,1,114,363.17119170,8.44444444,0,10743
KH1,8,2,0,0,115,367.61563615,4.44444444,8,8116
KH1,8,2,0,1,116,375.17119170,7.55555556,0,10631
KH1,8,2,0,1,117,378.72674726,3.55555556,0,10821
KH1,8,2,0,0,118,378.28230281,-0.44444444,21,2672
KH1,8,2,0,1,119,380.94896948,2.66666667,0,10883
KH1,8,2,0,1,120,379.61563615,-1.33333333,0,10759
KH1,9,2,1,0,121,450.00000000,-1.33333333,14,4334
KH1,9,2,1,1,122,430.00000000,-1.33333333,0,10915
KH1,9,2,1,0,123,410.00000000,-1.33333333,1,10794
KH1,9,2,1,1,124,390.00000000,-1.33333333,0,10629
KH1,9,2,1,1,125,370.00000000,-1.33333333,0,10484
KH1,9,2,1,1,126,350.00000000,-1.33333333,0,10875
KH1,9,2,1,0,127,330.00000000,-1.33333333,17,5170
KH1,9,2,1,1,128,310.00000000,-1.33333333,0,10750
KH1,9,2,1,0,129,290.00000000,-1.33333333,17,6051
KH1,9,2,1,0,130,270.00000000,-1.33333333,9,8786
KH1,9,2,1,0,131,250.00000000,-1.33333333,36,2061
KH1,10,2,0,1,132,374.72674726,-4.88888889,0,10624
KH1,10,2,0,1,133,366.28230281,-8.44444444,0,10783
KH1,10,2,0,1,134,354.72674726,-11.55555556,0,10902
KH1,10,2,0,1,135,340.50452503,-14.22222222,0,10709
KH1,10,2,0,0,136,324.06008059,-16.44444444,4,9625
KH1,10,2,0,1,137,312.06008059,-12.00000000,0,10814
KH1,10,2,0,1,138,297.83785837,-14.22222222,0,10739
KH1,10,2,0,0,139,281.39341392,-16.44444444,36,873
KH1,10,2,0,0,140,269.83785837,-11.55555556,9,8707
KH1,10,2,0,0,141,263.17119170,-6.66666667,13,7478
KH1,10,2,0,0,142,260.94896948,-2.22222222,37,1084
KH1,10,2,0,0,143,263.17119170,2.22222222,25,4213
KH1,10,2,0,0,144,269.39341392,6.22222222,19,5954
KH1,10,2,0,0,145,279.17119170,9.77777778,3,10186
KH1,10,2,0,0,146,292.50452503,13.33333333,10,8202
KH1,10,2,0,0,147,308.94896948,16.44444444,31,1053
KH1,10,2,0,1,148,328.06008059,19.11111111,0,10749
KH1,11,2,0,1,149,342.72674726,14.66666667,0,10703
KH1,11,2,0,1,150,352.94896948,10.22222222,0,10826
KH1,11,2,0,1,151,358.72674726,5.77777778,0,10492
KH1,11,2,0,1,152,360.06008059,1.33333333,0,10587
KH1,11,2,0,1,153,357.39341392,-2.66666667,0,10628
KH1,11,2,0,0,154,350.72674726,-6.66666667,2,10383
KH1,11,2,0,0,155,346.72674726,-4.00000000,12,6786
KH1,11,2,0,0,156,345.39341392,-1.33333333,1,10210
KH1,11,2,0,1,157,346.72674726,1.33333333,0,10527
KH1,11,2,0,0,158,344.06008059,-2.66666667,25,2465
KH1,11,2,0,0,159,344.50452503,0.44444444,10,7755
KH1,11,2,0,0,160,348.06008059,3.55555556,0,11005
KH1,11,2,0,1,161,354.72674726,6.66666667,0,11007
KH1,11,2,0,0,162,357.83785837,3.11111111,3,9830
KH1,11,2,0,1,163,364.50452503,6.66666667,0,10843
KH1,12,2,0,1,164,368.06008059,3.55555556,0,10938
KH1,12,2,0,0,165,368.50452503,0.44444444,23,2469
KH1,12,2,0,1,166,372.50452503,4.00000000,0,10585
KH1,12,2,0,0,167,372.94896948,0.44444444,7,8363
KH1,12,2,0,0,168,376.50452503,3.55555556,26,1732
KH1,12,2,0,0,169,382.72674726,6.22222222,20,3541
KH1,12,2,0,0,170,391.17119170,8.44444444,15,4893
KH1,12,2,0,0,171,401.83785837,10.66666667,13,5128
KH1,12,2,0,1,172,414.72674726,12.88888889,0,10512
KH1,12,2,0,1,173,423.17119170,8.44444444,0,10852
KH1,12,2,0,1,174,427.17119170,4.00000000,0,10946
KH1,12,2,0,1,175,427.17119170,-0.00000000,0,10891
KH1,12,2,0,1,176,423.61563615,-3.55555556,0,10845
KH1,12,2,0,1,177,416.94896948,-6.66666667,0,10599
KH1,12,2,0,1,178,407.17119170,-9.77777778,0,10697
KH1,12,2,0,1,179,394.72674726,-12.44444444,0,10883
KH1,13,2,1,1,180,450.00000000,-12.44444444,0,10565
KH1,13,2,1,1,181,430.00000000,-12.44444444,0,10963
KH1,13,2,1,1,182,410.00000000,-12.44444444,0,10924
KH1,13,2,1,1,183,390.00000000,-12.44444444,0,10683
KH1,13,2,1,1,184,370.00000000,-12.44444444,0,10607
KH1,13,2,1,1,185,350.00000000,-12.44444444,0,10740
KH1,13,2,1,0,186,330.00000000,-12.44444444,15,5632
KH1,13,2,1,1,187,310.00000000,-12.44444444,0,10843
KH1,13,2,1,0,188,290.00000000,-12.44444444,7,9097
KH1,13,2,1,0,189,270.00000000,-12.44444444,12,7714
KH1,13,2,1,0,190,250.00000000,-12.44444444,39,1049
KH2,1,1,1,1,1,450.00000000,0.00000000,0,10524
KH2,1,1,1,1,2,430.00000000,0.00000000,0,10893
KH2,1,1,1,1,3,410.00000000,0.00000000,0,10827
KH2,1,1,1,0,4,390.00000000,0.00000000,5,9527
KH2,1,1,1,0,5,370.00000000,0.00000000,2,10898
KH2,1,1,1,1,6,350.00000000,0.00000000,0,10872
KH2,1,1,1,0,7,330.00000000,0.00000000,9,8584
KH2,1,1,1,0,8,310.00000000,0.00000000,29,2473
KH2,1,1,1,0,9,290.00000000,0.00000000,30,2559
KH2,1,1,1,0,10,270.00000000,0.00000000,32,2454
KH2,1,1,1,0,11,250.00000000,0.00000000,37,1930
KH2,2,1,0,1,12,400.00000000,0.00000000,0,10546
KH2,2,1,0,0,13,320.00000000,-80.00000000,27,2587
KH2,2,1,0,0,14,310.00000000,-10.00000000,28,2508
KH2,2,1,0,0,15,312.22222222,2.22222222,31,1544
KH2,2,1,0,0,16,318.47222222,6.25000000,20,4777
KH2,2,1,0,0,17,326.47222222,8.00000000,12,7040
KH2,2,1,0,0,18,335.36111111,8.88888889,25,2578
KH2,2,1,0,0,19,344.74886621,9.38775510,11,7430
KH2,2,1,0,0,20,354.43636621,9.68750000,27,1647
KH2,2,1,0,0,21,364.31290942,9.87654321,10,7808
KH2,2,1,0,0,22,374.31290942,10.00000000,21,3535
KH2,2,1,0,0,23,384.39555405,10.08264463,27,900
KH2,2,1,0,0,24,394.53444294,10.13888889,18,4134
KH2,2,1,0,0,25,404.71195773,10.17751479,19,3326
KH2,2,1,0,1,26,414.91603937,10.20408163,0,10767
KH2,2,1,0,0,27,418.47159492,3.55555556,13,7394
KH2,2,1,0,0,28,422.91603937,4.44444444,18,3584
KH2,2,1,0,0,29,427.80492825,4.88888889,10,7452
KH2,2,1,0,0,30,433.13826159,5.33333333,1,10924
KH2,2,1,0,0,31,438.91603937,5.77777778,16,4117
KH2,2,1,0,0,32,445.13826159,6.22222222,2,10417
KH2,2,1,0,1,33,451.80492825,6.66666667,0,10679
KH2,3,1,0,1,34,452.24937270,0.44444444,0,10792
KH2,3,1,0,1,35,446.91603937,-5.33333333,0,10974
KH2,3,1,0,0,36,436.24937270,-10.66666667,11,6288
KH2,3,1,0,1,37,427.36048381,-8.88888889,0,10916
KH2,3,1,0,1,38,413.58270603,-13.77777778,0,10846
KH2,3,1,0,0,39,395.36048381,-18.22222222,5,9786
KH2,3,1,0,0,40,379.80492825,-15.55555556,4,9796
KH2,3,1,0,0,41,366.91603937,-12.88888889,12,6758
KH2,3,1,0,0,42,356.69381714,-10.22222222,20,4146
KH2,3,1,0,0,43,348.69381714,-8.00000000,14,6149
KH2,3,1,0,0,44,342.91603937,-5.77777778,25,3032
KH2,3,1,0,0,45,339.36048381,-3.55555556,17,5572
KH2,3,1,0,0,46,338.02715048,-1.33333333,18,4849
KH2,3,1,0,0,47,338.91603937,0.88888889,28,1373
KH2,3,1,0,0,48,342.02715048,3.11111111,15,5982
KH2,3,1,0,0,49,347.36048381,5.33333333,21,3760
KH2,3,1,0,0,50,354.47159492,7.11111111,22,3502
KH2,3,1,0,0,51,362.91603937,8.44444444,2,10243
KH2,3,1,0,0,52,372.24937270,9.33333333,18,4307
KH2,4,1,0,0,53,382.47159492,10.22222222,18,4437
KH2,4,1,0,0,54,393.13826159,10.66666667,15,4824
KH2,4,1,0,0,55,403.80492825,10.66666667,24,1478
KH2,4,1,0,0,56,414.47159492,10.66666667,3,10128
KH2,4,1,0,0,57,425.13826159,10.66666667,9,7433
KH2,4,1,0,0,58,435.80492825,10.66666667,9,7240
KH2,4,1,0,0,59,446.47159492,10.66666667,4,9355
KH2,4,1,0,1,60,457.13826159,10.66666667,0,10746
KH2,4,1,0,0,61,461.13826159,4.00000000,22,1094
KH2,4,1,0,1,62,465.58270603,4.44444444,0,10955
KH2,4,1,0,0,63,463.80492825,-1.77777778,12,5744
KH2,4,1,0,0,64,462.91603937,-0.88888889,4,9443
KH2,4,1,0,0,65,462.91603937,0.00000000,18,2524
KH2,4,1,0,0,66,463.80492825,0.88888889,12,5249
KH2,4,1,0,1,67,465.58270603,1.77777778,0,10998
KH2,4,1,0,0,68,461.58270603,-4.00000000,13,5223
KH2,4,1,0,1,69,458.91603937,-2.66666667,0,10696
KH2,4,1,0,1,70,450.91603937,-8.00000000,0,10578
KH2,5,1,1,1,71,450.00000000,-8.00000000,0,10917
KH2,5,1,1,1,72,430.00000000,-8.00000000,0,10541
KH2,5,1,1,1,73,410.00000000,-8.00000000,0,10504
KH2,5,1,1,1,74,390.00000000,-8.00000000,0,10718
KH2,5,1,1,0,75,370.00000000,-8.00000000,16,5476
KH2,5,1,1,1,76,350.00000000,-8.00000000,0,10649
KH2,5,1,1,0,77,330.00000000,-8.00000000,26,2563
KH2,5,1,1,0,78,310.00000000,-8.00000000,4,9933
KH2,5,1,1,0,79,290.00000000,-8.00000000,22,4627
KH2,5,1,1,0,80,270.00000000,-8.00000000,35,1668
KH2,5,1,1,0,81,250.00000000,-8.00000000,36,2146
KH2,6,1,0,1,82,438.02715048,-12.88888889,0,10771
KH2,6,1,0,1,83,420.69381714,-17.33333333,0,10674
KH2,6,1,0,1,84,399.36048381,-21.33333333,0,10554
KH2,6,1,0,1,85,374.47159492,-24.88888889,0,10866
KH2,6,1,0,0,86,346.47159492,-28.00000000,4,9568
KH2,6,1,0,0,87,322.47159492,-24.00000000,16,6094
KH2,6,1,0,1,88,302.02715048,-20.44444444,0,10905
KH2,6,1,0,0,89,278.47159492,-23.55555556,33,1734
KH2,6,1,0,0,90,258.47159492,-20.00000000,36,1595
KH2,6,1,0,0,91,242.02715048,-16.44444444,32,3596
KH2,6,1,0,0,92,229.13826159,-12.88888889,39,2140
KH2,6,1,0,0,93,219.80492825,-9.33333333,42,1771
KH2,6,1,0,0,94,214.02715048,-5.77777778,46,1328
KH2,6,1,0,0,95,211.36048381,-2.66666667,46,1224
KH2,6,1,0,0,96,211.80492825,0.44444444,45,1366
KH2,6,1,0,0,97,214.91603937,3.11111111,43,1998
KH2,6,1,0,0,98,220.24937270,5.33333333,42,1728
KH2,6,1,0,0,99,227.36048381,7.11111111,41,1703
KH2,6,1,0,0,100,235.80492825,8.44444444,40,1446
KH2,6,1,0,0,101,245.13826159,9.33333333,38,1629
KH2,6,1,0,0,102,254.91603937,9.77777778,37,1562
KH2,6,1,0,0,103,265.13826159,10.22222222,36,1428
KH2,6,1,0,0,104,275.80492825,10.66666667,32,2307
KH2,6,1,0,0,105,286.47159492,10.66666667,11,7474
KH2,6,1,0,0,106,297.13826159,10.66666667,30,2157
KH2,7,1,0,0,107,307.80492825,10.66666667,33,659
KH2,7,1,0,0,108,318.47159492,10.66666667,30,1551
KH2,7,1,0,1,109,329.13826159,10.66666667,0,10840
KH2,7,1,0,0,110,333.13826159,4.00000000,5,9579
KH2,7,1,0,0,111,337.58270603,4.44444444,15,6125
KH2,7,1,0,0,112,342.47159492,4.88888889,26,2375
KH2,7,1,0,1,113,347.80492825,5.33333333,0,10744
KH2,7,1,0,0,114,346.91603937,-0.88888889,1,10724
KH2,7,1,0,0,115,346.91603937,0.00000000,22,3204
KH2,7,1,0,0,116,347.80492825,0.88888889,8,8219
KH2,7,1,0,1,117,349.58270603,1.77777778,0,10844
KH2,7,1,0,0,118,345.58270603,-4.00000000,21,3704
KH2,7,1,0,0,119,342.91603937,-2.66666667,11,7159
KH2,7,1,0,0,120,341.58270603,-1.33333333,12,7071
KH2,7,1,0,0,121,341.58270603,-0.00000000,8,8318
KH2,7,1,0,0,122,342.91603937,1.33333333,3,10308
KH2,7,1,0,0,123,345.58270603,2.66666667,23,2944
KH2,7,1,0,0,124,349.58270603,4.00000000,8,7879
KH2,7,1,0,0,125,354.91603937,5.33333333,29,508
KH2,7,1,0,0,126,361.13826159,6.22222222,28,516
KH2,8,1,0,1,127,368.24937270,7.11111111,0,10499
KH2,8,1,0,0,128,369.58270603,1.33333333,6,8660
KH2,8,1,0,0,129,372.24937270,2.66666667,22,2667
KH2,8,1,0,0,130,375.80492825,3.55555556,26,1091
KH2,8,1,0,1,131,380.24937270,4.44444444,0,10860
KH2,8,1,0,0,132,378.91603937,-1.33333333,5,9724
KH2,8,1,0,0,133,378.91603937,0.00000000,2,10467
KH2,8,1,0,0,134,379.80492825,0.88888889,8,8054
KH2,8,1,0,0,135,381.58270603,1.77777778,11,7188
KH2,8,1,0,0,136,384.24937270,2.66666667,27,868
KH2,8,1,0,0,137,387.80492825,3.55555556,19,4436
KH2,8,1,0,1,138,392.24937270,4.44444444,0,10888
KH2,8,1,0,0,139,390.91603937,-1.33333333,7,8282
KH2,8,1,0,1,140,390.91603937,0.00000000,0,10823
KH2,8,1,0,0,141,385.58270603,-5.33333333,19,3296
KH2,8,1,0,0,142,382.02715048,-3.55555556,13,6129
KH2,8,1,0,0,143,380.24937270,-1.77777778,2,10370
KH2,8,1,0,0,144,379.80492825,-0.44444444,8,8251
KH2,9,1,1,0,145,450.00000000,-0.44444444,18,2624
KH2,9,1,1,0,146,430.00000000,-0.44444444,21,2207
KH2,9,1,1,1,147,410.00000000,-0.44444444,0,10854
KH2,9,1,1,1,148,390.00000000,-0.44444444,0,10862
KH2,9,1,1,1,149,370.00000000,-0.44444444,0,10628
KH2,9,1,1,1,150,350.00000000,-0.44444444,0,10808
KH2,9,1,1,1,151,330.00000000,-0.44444444,0,10988
KH2,9,1,1,0,152,310.00000000,-0.44444444,28,2517
KH2,9,1,1,0,153,290.00000000,-0.44444444,26,3534
KH2,9,1,1,0,154,270.00000000,-0.44444444,37,961
KH2,9,1,1,0,155,250.00000000,-0.44444444,32,3111
KH2,10,1,0,0,156,380.69381714,0.88888889,7,8655
KH2,10,1,0,0,157,382.91603937,2.22222222,27,1035
KH2,10,1,0,0,158,386.47159492,3.55555556,5,9128
KH2,10,1,0,0,159,390.91603937,4.44444444,26,567
KH2,10,1,0,0,160,396.24937270,5.33333333,15,4775
KH2,10,1,0,0,161,402.47159492,6.22222222,5,9078
KH2,10,1,0,1,162,409.58270603,7.11111111,0,10987
KH2,10,1,0,0,163,410.91603937,1.33333333,22,1772
KH2,10,1,0,0,164,413.58270603,2.66666667,25,420
KH2,10,1,0,1,165,417.58270603,4.00000000,0,10828
KH2,10,1,0,1,166,415.80492825,-1.77777778,0,10558
KH2,10,1,0,1,167,408.69381714,-7.11111111,0,10724
KH2,10,1,0,0,168,396.24937270,-12.44444444,23,1634
KH2,10,1,0,0,169,385.58270603,-10.66666667,14,5647
KH2,10,1,0,0,170,376.69381714,-8.88888889,3,9834
KH2,10,1,0,0,171,369.58270603,-7.11111111,13,6445
KH2,10,1,0,0,172,364.24937270,-5.33333333,24,2083
KH2,10,1,0,0,173,360.69381714,-3.55555556,22,2852
KH2,10,1,0,0,174,358.91603937,-1.77777778,4,8994
KH2,10,1,0,0,175,358.91603937,0.00000000,27,886
KH2,10,1,0,0,176,360.69381714,1.77777778,11,6618
KH2,11,1,0,1,177,364.24937270,3.55555556,0,10957
KH2,11,1,0,0,178,362.91603937,-1.33333333,16,5103
KH2,11,1,0,1,179,363.36048381,0.44444444,0,10916
KH2,11,1,0,1,180,358.91603937,-4.44444444,0,10796
KH2,11,1,0,0,181,350.02715048,-8.88888889,27,1349
KH2,11,1,0,0,182,343.36048381,-6.66666667,30,501
KH2,11,1,0,0,183,338.47159492,-4.88888889,22,3612
KH2,11,1,0,1,184,334.91603937,-3.55555556,0,10739
KH2,11,1,0,0,185,326.02715048,-8.88888889,21,4393
KH2,11,1,0,1,186,318.91603937,-7.11111111,0,10791
KH2,11,1,0,0,187,306.91603937,-12.00000000,23,4330
KH2,11,1,0,0,188,297.13826159,-9.77777778,28,2730
KH2,11,1,0,0,189,289.58270603,-7.55555556,34,720
KH2,11,1,0,0,190,284.24937270,-5.33333333,32,1820
KH2,11,1,0,0,191,281.13826159,-3.11111111,29,2729
KH2,11,1,0,0,192,280.24937270,-0.88888889,28,3123
KH2,11,1,0,0,193,281.58270603,1.33333333,29,2840
KH2,11,1,0,0,194,284.69381714,3.11111111,34,1262
KH2,11,1,0,0,195,289.58270603,4.88888889,25,3971
KH2,11,1,0,0,196,295.80492825,6.22222222,28,2722
KH2,11,1,0,0,197,302.91603937,7.11111111,26,4020
KH2,11,1,0,0,198,310.91603937,8.00000000,33,658
KH2,11,1,0,0,199,319.80492825,8.88888889,13,6899
KH2,11,1,0,0,200,329.58270603,9.77777778,20,4544
KH2,12,1,0,0,201,339.80492825,10.22222222,18,5008
KH2,12,1,0,1,202,350.47159492,10.66666667,0,10822
KH2,12,1,0,0,203,354.47159492,4.00000000,18,4732
KH2,12,1,0,0,204,358.91603937,4.44444444,18,4497
KH2,12,1,0,1,205,363.80492825,4.88888889,0,10740
KH2,12,1,0,0,206,362.47159492,-1.33333333,18,4490
KH2,12,1,0,0,207,362.02715048,-0.44444444,26,1322
KH2,12,1,0,0,208,362.47159492,0.44444444,25,1809
KH2,12,1,0,0,209,363.80492825,1.33333333,21,3493
KH2,12,1,0,1,210,366.02715048,2.22222222,0,10901
KH2,12,1,0,0,211,362.47159492,-3.55555556,11,7073
KH2,12,1,0,0,212,360.24937270,-2.22222222,18,4161
KH2,12,1,0,0,213,359.36048381,-0.88888889,11,7018
KH2,12,1,0,0,214,359.80492825,0.44444444,17,4823
KH2,12,1,0,0,215,361.58270603,1.77777778,12,6735
KH2,12,1,0,0,216,364.69381714,3.11111111,3,10143
KH2,12,1,0,0,217,369.13826159,4.44444444,23,2920
KH2,12,1,0,0,218,374.91603937,5.77777778,9,7746
KH2,12,1,0,0,219,381.58270603,6.66666667,15,5293
KH2,12,1,0,0,220,389.13826159,7.55555556,23,2297
KH2,12,1,0,0,221,397.58270603,8.44444444,26,409
KH2,12,1,0,0,222,406.47159492,8.88888889,2,9970
KH2,13,1,1,0,223,450.00000000,8.88888889,22,849
KH2,13,1,1,1,224,430.00000000,8.88888889,0,10553
KH2,13,1,1,1,225,410.00000000,8.88888889,0,10962
KH2,13,1,1,1,226,390.00000000,8.88888889,0,10885
KH2,13,1,1,1,227,370.00000000,8.88888889,0,10563
KH2,13,1,1,1,228,350.00000000,8.88888889,0,10803
KH2,13,1,1,0,229,330.00000000,8.88888889,4,9995
KH2,13,1,1,0,230,310.00000000,8.88888889,28,2509
KH2,13,1,1,0,231,290.00000000,8.88888889,32,1924
KH2,13,1,1,0,232,270.00000000,8.88888889,34,1998
KH2,13,1,1,0,233,250.00000000,8.88888889,35,2472
KH3,1,3,1,1,1,450.00000000,0.00000000,0,10479
KH3,1,3,1,1,2,430.00000000,0.00000000,0,10565
KH3,1,3,1,1,3,410.00000000,0.00000000,0,10963
KH3,1,3,1,0,4,390.00000000,0.00000000,8,7997
KH3,1,3,1,1,5,370.00000000,0.00000000,0,10545
KH3,1,3,1,0,6,350.00000000,0.00000000,2,9852
KH3,1,3,1,1,7,330.00000000,0.00000000,0,10734
KH3,1,3,1,0,8,310.00000000,0.00000000,26,2787
KH3,1,3,1,0,9,290.00000000,0.00000000,29,2766
KH3,1,3,1,0,10,270.00000000,0.00000000,20,7265
KH3,1,3,1,0,11,250.00000000,0.00000000,36,2776
KH3,2,3,0,0,12,400.00000000,0.00000000,14,5888
KH3,2,3,0,1,13,490.00000000,90.00000000,0,10356
KH3,2,3,0,1,14,507.50000000,17.50000000,0,10641
KH3,2,3,0,1,15,511.94444444,4.44444444,0,10768
KH3,2,3,0,1,16,511.94444444,0.00000000,0,10751
KH3,2,3,0,1,17,509.94444444,-2.00000000,0,10617
KH3,2,3,0,1,18,506.88888889,-3.05555556,0,10622
KH3,2,3,0,1,19,503.21541950,-3.67346939,0,10579
KH3,2,3,0,1,20,499.15291950,-4.06250000,0,10524
KH3,2,3,0,1,21,494.83193185,-4.32098765,0,10433
KH3,2,3,0,1,22,490.33193185,-4.50000000,0,10454
KH3,2,3,0,1,23,485.70383267,-4.62809917,0,10708
KH3,2,3,0,1,24,480.98161045,-4.72222222,0,10647
KH3,2,3,0,1,25,476.18871104,-4.79289941,0,10527
KH3,3,3,0,1,26,471.34177227,-4.84693878,0,10359
KH3,3,3,0,0,27,466.45288338,-4.88888889,15,3761
KH3,3,3,0,1,28,467.78621671,1.33333333,0,10344
KH3,3,3,0,1,29,468.67510560,0.88888889,0,10443
KH3,3,3,0,1,30,469.11955005,0.44444444,0,10378
KH3,3,3,0,1,31,469.11955005,0.00000000,0,10444
KH3,3,3,0,1,32,468.67510560,-0.44444444,0,10426
KH3,3,3,0,1,33,467.78621671,-0.88888889,0,10347
KH3,3,3,0,1,34,466.45288338,-1.33333333,0,10468
KH3,3,3,0,1,35,464.67510560,-1.77777778,0,10700
KH3,3,3,0,1,36,462.45288338,-2.22222222,0,10777
KH3,3,3,0,1,37,459.78621671,-2.66666667,0,10691
KH3,3,3,0,1,38,456.67510560,-3.11111111,0,10596
KH3,3,3,0,1,39,453.11955005,-3.55555556,0,10625
KH3,4,3,0,1,40,449.11955005,-4.00000000,0,10377
KH3,4,3,0,1,41,444.67510560,-4.44444444,0,10884
KH3,4,3,0,0,42,439.78621671,-4.88888889,10,6221
KH3,4,3,0,1,43,441.11955005,1.33333333,0,10668
KH3,4,3,0,0,44,442.00843893,0.88888889,14,4700
KH3,4,3,0,0,45,449.11955005,7.11111111,9,6790
KH3,4,3,0,1,46,462.00843893,12.88888889,0,10613
KH3,4,3,0,0,47,473.56399449,11.55555556,13,4715
KH3,4,3,0,1,48,490.45288338,16.88888889,0,10279
KH3,4,3,0,1,49,505.56399449,15.11111111,0,10478
KH3,4,3,0,1,50,518.89732782,13.33333333,0,10315
KH3,4,3,0,1,51,530.45288338,11.55555556,0,10816
KH3,4,3,0,1,52,540.23066116,9.77777778,0,10244
KH3,4,3,0,1,53,548.23066116,8.00000000,0,10480
KH3,4,3,0,0,54,554.45288338,6.22222222,1,10173
KH3,5,3,1,0,55,450.00000000,6.22222222,23,970
KH3,5,3,1,1,56,430.00000000,6.22222222,0,10420
KH3,5,3,1,1,57,410.00000000,6.22222222,0,10760
KH3,5,3,1,0,58,390.00000000,6.22222222,9,7149
KH3,5,3,1,1,59,370.00000000,6.22222222,0,10755
KH3,5,3,1,0,60,350.00000000,6.22222222,24,2192
KH3,5,3,1,1,61,330.00000000,6.22222222,0,10712
KH3,5,3,1,1,62,310.00000000,6.22222222,0,10747
KH3,5,3,1,0,63,290.00000000,6.22222222,11,8299
KH3,5,3,1,0,64,270.00000000,6.22222222,29,2992
KH3,5,3,1,0,65,250.00000000,6.22222222,35,2835
KH3,6,3,0,1,66,565.56399449,11.11111111,0,10561
KH3,6,3,0,1,67,574.45288338,8.88888889,0,10338
KH3,6,3,0,1,68,581.11955005,6.66666667,0,10488
KH3,6,3,0,1,69,585.56399449,4.44444444,0,10568
KH3,6,3,0,1,70,588.23066116,2.66666667,0,10804
KH3,6,3,0,0,71,589.11955005,0.88888889,16,2877
KH3,6,3,0,1,72,595.34177227,6.22222222,0,10665
KH3,6,3,0,1,73,600.23066116,4.88888889,0,10656
KH3,6,3,0,1,74,603.78621671,3.55555556,0,10664
KH3,6,3,0,1,75,606.45288338,2.66666667,0,10289
KH3,6,3,0,1,76,608.23066116,1.77777778,0,10285
KH3,6,3,0,1,77,609.11955005,0.88888889,0,10276
KH3,6,3,0,1,78,609.11955005,0.00000000,0,10266
KH3,6,3,0,1,79,608.23066116,-0.88888889,0,10256
KH3,7,3,0,1,80,606.45288338,-1.77777778,0,10300
KH3,7,3,0,1,81,603.78621671,-2.66666667,0,10795
KH3,7,3,0,0,82,600.67510560,-3.11111111,13,2838
KH3,7,3,0,1,83,603.78621671,3.11111111,0,10255
KH3,7,3,0,0,84,606.00843893,2.22222222,12,3457
KH3,7,3,0,1,85,614.00843893,8.00000000,0,10369
KH3,7,3,0,1,86,620.67510560,6.66666667,0,10516
KH3,7,3,0,1,87,626.00843893,5.33333333,0,10513
KH3,7,3,0,0,88,630.45288338,4.44444444,9,5713
KH3,7,3,0,1,89,640.67510560,10.22222222,0,10689
KH3,7,3,0,1,90,649.56399449,8.88888889,0,10351
KH3,7,3,0,1,91,657.11955005,7.55555556,0,10311
KH3,7,3,0,1,92,663.34177227,6.22222222,0,10403
KH3,7,3,0,1,93,668.23066116,4.88888889,0,10556
KH3,7,3,0,1,94,671.78621671,3.55555556,0,10557
KH3,8,3,0,1,95,674.00843893,2.22222222,0,10536
KH3,8,3,0,1,96,674.89732782,0.88888889,0,10868
KH3,8,3,0,1,97,674.45288338,-0.44444444,0,10521
KH3,8,3,0,0,98,672.67510560,-1.77777778,10,3937
KH3,8,3,0,1,99,676.67510560,4.00000000,0,10649
KH3,8,3,0,1,100,679.34177227,2.66666667,0,10732
KH3,8,3,0,1,101,681.11955005,1.77777778,0,10751
KH3,8,3,0,1,102,682.00843893,0.88888889,0,10697
KH3,8,3,0,1,103,682.00843893,0.00000000,0,10635
KH3,8,3,0,1,104,681.11955005,-0.88888889,0,11084
KH3,8,3,0,1,105,679.78621671,-1.33333333,0,10692
KH3,8,3,0,1,106,678.00843893,-1.77777778,0,10770
KH3,8,3,0,1,107,675.78621671,-2.22222222,0,10583
KH3,8,3,0,1,108,673.11955005,-2.66666667,0,10880
KH3,9,3,1,1,109,450.00000000,-2.66666667,0,10290
KH3,9,3,1,1,110,430.00000000,-2.66666667,0,10339
KH3,9,3,1,0,111,410.00000000,-2.66666667,5,9248
KH3,9,3,1,0,112,390.00000000,-2.66666667,14,5394
KH3,9,3,1,0,113,370.00000000,-2.66666667,15,5357
KH3,9,3,1,0,114,350.00000000,-2.66666667,21,3274
KH3,9,3,1,1,115,330.00000000,-2.66666667,0,10668
KH3,9,3,1,0,116,310.00000000,-2.66666667,11,7438
KH3,9,3,1,0,117,290.00000000,-2.66666667,33,1293
KH3,9,3,1,0,118,270.00000000,-2.66666667,32,2332
KH3,9,3,1,0,119,250.00000000,-2.66666667,39,931
KH3,10,3,0,1,120,670.00843893,-3.11111111,0,10648
KH3,10,3,0,1,121,666.45288338,-3.55555556,0,10420
KH3,10,3,0,1,122,662.45288338,-4.00000000,0,10353
KH3,10,3,0,1,123,658.00843893,-4.44444444,0,10322
KH3,10,3,0,1,124,653.11955005,-4.88888889,0,10273
KH3,10,3,0,1,125,647.78621671,-5.33333333,0,10253
KH3,10,3,0,1,126,642.45288338,-5.33333333,0,10254
KH3,10,3,0,1,127,637.11955005,-5.33333333,0,10847
KH3,10,3,0,1,128,631.78621671,-5.33333333,0,10608
KH3,10,3,0,1,129,626.45288338,-5.33333333,0,10429
KH3,10,3,0,0,130,621.11955005,-5.33333333,6,7312
KH3,10,3,0,1,131,622.45288338,1.33333333,0,10387
KH3,10,3,0,0,132,623.34177227,0.88888889,2,9833
KH3,10,3,0,1,133,630.45288338,7.11111111,0,10594
KH3,11,3,0,1,134,636.67510560,6.22222222,0,10600
KH3,11,3,0,1,135,642.00843893,5.33333333,0,10706
KH3,11,3,0,1,136,646.45288338,4.44444444,0,10266
KH3,11,3,0,1,137,650.00843893,3.55555556,0,10302
KH3,11,3,0,1,138,652.67510560,2.66666667,0,10283
KH3,11,3,0,1,139,654.45288338,1.77777778,0,10300
KH3,11,3,0,1,140,655.34177227,0.88888889,0,10452
KH3,11,3,0,1,141,655.34177227,0.00000000,0,10265
KH3,11,3,0,1,142,654.45288338,-0.88888889,0,10293
KH3,11,3,0,1,143,652.67510560,-1.77777778,0,10284
KH3,11,3,0,0,144,650.00843893,-2.66666667,8,5265
KH3,11,3,0,0,145,653.11955005,3.11111111,5,7692
KH3,11,3,0,1,146,661.56399449,8.44444444,0,10872
KH3,11,3,0,1,147,668.67510560,7.11111111,0,10617
KH3,12,3,0,1,148,674.45288338,5.77777778,0,10646
KH3,12,3,0,1,149,679.34177227,4.88888889,0,10621
KH3,12,3,0,0,150,683.34177227,4.00000000,4,7939
KH3,12,3,0,1,151,693.11955005,9.77777778,0,10280
KH3,12,3,0,1,152,701.56399449,8.44444444,0,10306
KH3,12,3,0,1,153,708.67510560,7.11111111,0,10391
KH3,12,3,0,1,154,714.45288338,5.77777778,0,10489
KH3,12,3,0,1,155,718.89732782,4.44444444,0,10531
KH3,12,3,0,1,156,722.00843893,3.11111111,0,10825
KH3,12,3,0,1,157,723.78621671,1.77777778,0,10641
KH3,12,3,0,0,158,724.23066116,0.44444444,4,7735
KH3,12,3,0,1,159,730.00843893,5.77777778,0,10895
KH3,12,3,0,1,160,734.00843893,4.00000000,0,10243
KH3,12,3,0,1,161,736.67510560,2.66666667,0,10266
KH3,13,3,1,1,162,450.00000000,2.66666667,0,10375
KH3,13,3,1,0,163,430.00000000,2.66666667,2,9928
KH3,13,3,1,0,164,410.00000000,2.66666667,2,9837
KH3,13,3,1,1,165,390.00000000,2.66666667,0,10784
KH3,13,3,1,0,166,370.00000000,2.66666667,2,10074
KH3,13,3,1,0,167,350.00000000,2.66666667,23,2805
KH3,13,3,1,0,168,330.00000000,2.66666667,11,7230
KH3,13,3,1,0,169,310.00000000,2.66666667,28,2546
KH3,13,3,1,0,170,290.00000000,2.66666667,8,8343
KH3,13,3,1,0,171,270.00000000,2.66666667,26,4213
KH3,13,3,1,0,172,250.00000000,2.66666667,26,4393
KH4,1,1,1,1,1,450.00000000,0.00000000,0,10697
KH4,1,1,1,1,2,430.00000000,0.00000000,0,10723
KH4,1,1,1,1,3,410.00000000,0.00000000,0,11051
KH4,1,1,1,1,4,390.00000000,0.00000000,0,10969
KH4,1,1,1,0,5,370.00000000,0.00000000,13,6522
KH4,1,1,1,0,6,350.00000000,0.00000000,12,8497
KH4,1,1,1,0,7,330.00000000,0.00000000,29,1926
KH4,1,1,1,0,8,310.00000000,0.00000000,27,2991
KH4,1,1,1,0,9,290.00000000,0.00000000,31,2238
KH4,1,1,1,0,10,270.00000000,0.00000000,31,2934
KH4,1,1,1,0,11,250.00000000,0.00000000,40,1837
KH4,2,1,0,1,12,400.00000000,0.00000000,0,10742
KH4,2,1,0,0,13,320.00000000,-80.00000000,27,2848
KH4,2,1,0,0,14,310.00000000,-10.00000000,25,3472
KH4,2,1,0,0,15,312.22222222,2.22222222,27,2975
KH4,2,1,0,0,16,318.47222222,6.25000000,21,4661
KH4,2,1,0,0,17,326.47222222,8.00000000,22,3861
KH4,2,1,0,1,18,335.36111111,8.88888889,0,10696
KH4,2,1,0,0,19,330.46315193,-4.89795918,23,3543
KH4,2,1,0,0,20,329.21315193,-1.25000000,25,3273
KH4,2,1,0,0,21,330.44771983,1.23456790,22,3927
KH4,2,1,0,1,22,333.44771983,3.00000000,0,10903
KH4,2,1,0,0,23,328.65433140,-4.79338843,28,1691
KH4,2,1,0,0,24,326.29322029,-2.36111111,16,5908
KH4,2,1,0,0,25,325.81984751,-0.47337278,23,3651
KH4,2,1,0,0,26,326.84025567,1.02040816,19,4801
KH4,2,1,0,0,27,329.06247789,2.22222222,22,3832
KH4,2,1,0,0,28,332.61803345,3.55555556,25,3007
KH4,2,1,0,0,29,337.06247789,4.44444444,5,9425
KH4,2,1,0,0,30,342.39581123,5.33333333,4,9916
KH4,2,1,0,1,31,348.61803345,6.22222222,0,10821
KH4,2,1,0,0,32,349.06247789,0.44444444,6,9119
KH4,3,1,0,0,33,350.84025567,1.77777778,27,2098
KH4,3,1,0,0,34,353.95136678,3.11111111,27,1280
KH4,3,1,0,0,35,357.95136678,4.00000000,24,2125
KH4,3,1,0,0,36,362.84025567,4.88888889,10,7254
KH4,3,1,0,0,37,368.61803345,5.77777778,26,1293
KH4,3,1,0,0,38,375.28470011,6.66666667,25,1457
KH4,3,1,0,0,39,382.39581123,7.11111111,5,9600
KH4,3,1,0,1,40,389.95136678,7.55555556,0,10790
KH4,3,1,0,0,41,391.28470011,1.33333333,8,8046
KH4,3,1,0,1,42,393.50692234,2.22222222,0,11262
KH4,3,1,0,1,43,389.95136678,-3.55555556,0,10835
KH4,3,1,0,0,44,381.06247789,-8.88888889,17,4553
KH4,3,1,0,0,45,373.95136678,-7.11111111,25,1448
KH4,3,1,0,0,46,368.61803345,-5.33333333,21,3903
KH4,3,1,0,0,47,365.06247789,-3.55555556,14,6017
KH4,3,1,0,0,48,362.84025567,-2.22222222,4,9876
KH4,3,1,0,1,49,361.95136678,-0.88888889,0,10858
KH4,3,1,0,0,50,355.72914456,-6.22222222,10,7885
KH4,3,1,0,1,51,351.28470011,-4.44444444,0,10840
KH4,3,1,0,0,52,341.95136678,-9.33333333,9,8583
KH4,4,1,0,0,53,334.84025567,-7.11111111,28,1327
KH4,4,1,0,0,54,329.95136678,-4.88888889,20,4330
KH4,4,1,0,0,55,327.28470011,-2.66666667,8,8409
KH4,4,1,0,0,56,326.84025567,-0.44444444,23,3996
KH4,4,1,0,0,57,328.17358900,1.33333333,4,9740
KH4,4,1,0,0,58,331.28470011,3.11111111,20,4485
KH4,4,1,0,0,59,335.72914456,4.44444444,17,5491
KH4,4,1,0,0,60,341.06247789,5.33333333,15,5904
KH4,4,1,0,0,61,347.28470011,6.22222222,18,4475
KH4,4,1,0,0,62,354.39581123,7.11111111,2,10689
KH4,4,1,0,0,63,362.39581123,8.00000000,18,4443
KH4,4,1,0,0,64,371.28470011,8.88888889,19,4695
KH4,4,1,0,1,65,381.06247789,9.77777778,0,10851
KH4,4,1,0,1,66,384.61803345,3.55555556,0,10841
KH4,4,1,0,1,67,382.39581123,-2.22222222,0,10592
KH4,4,1,0,1,68,374.39581123,-8.00000000,0,10781
KH4,4,1,0,0,69,361.06247789,-13.33333333,12,6537
KH4,4,1,0,1,70,349.50692234,-11.55555556,0,10832
KH4,5,1,1,0,71,450.00000000,-11.55555556,21,1237
KH4,5,1,1,1,72,430.00000000,-11.55555556,0,10506
KH4,5,1,1,1,73,410.00000000,-11.55555556,0,10558
KH4,5,1,1,1,74,390.00000000,-11.55555556,0,10943
KH4,5,1,1,1,75,370.00000000,-11.55555556,0,10757
KH4,5,1,1,1,76,350.00000000,-11.55555556,0,10895
KH4,5,1,1,1,77,330.00000000,-11.55555556,0,10896
KH4,5,1,1,1,78,310.00000000,-11.55555556,0,10865
KH4,5,1,1,0,79,290.00000000,-11.55555556,28,3282
KH4,5,1,1,0,80,270.00000000,-11.55555556,26,4195
KH4,5,1,1,0,81,250.00000000,-11.55555556,33,3349
KH4,6,1,0,1,82,333.06247789,-16.44444444,0,10742
KH4,6,1,0,0,83,312.17358900,-20.88888889,5,9549
KH4,6,1,0,0,84,293.95136678,-18.22222222,30,2485
KH4,6,1,0,0,85,278.39581123,-15.55555556,25,3957
KH4,6,1,0,0,86,265.50692234,-12.88888889,32,2648
KH4,6,1,0,0,87,255.28470011,-10.22222222,30,3853
KH4,6,1,0,0,88,247.72914456,-7.55555556,35,2325
KH4,6,1,0,0,89,242.84025567,-4.88888889,39,1944
KH4,6,1,0,0,90,240.61803345,-2.22222222,31,3412
KH4,6,1,0,0,91,241.06247789,0.44444444,40,1402
KH4,6,1,0,0,92,244.17358900,3.11111111,36,2091
KH4,6,1,0,0,93,249.50692234,5.33333333,32,3185
KH4,6,1,0,0,94,256.61803345,7.11111111,36,1580
KH4,6,1,0,0,95,265.06247789,8.44444444,27,4074
KH4,6,1,0,0,96,274.39581123,9.33333333,27,3705
KH4,6,1,0,0,97,284.61803345,10.22222222,9,8477
KH4,6,1,0,0,98,295.28470011,10.66666667,30,1998
KH4,6,1,0,0,99,305.95136678,10.66666667,31,1138
KH4,6,1,0,1,100,316.61803345,10.66666667,0,10740
KH4,6,1,0,0,101,320.61803345,4.00000000,22,3900
KH4,6,1,0,1,102,325.06247789,4.44444444,0,10691
KH4,6,1,0,0,103,323.28470011,-1.77777778,24,2943
KH4,6,1,0,1,104,322.39581123,-0.88888889,0,10688
KH4,6,1,0,0,105,315.72914456,-6.66666667,25,3308
KH4,7,1,0,0,106,310.39581123,-5.33333333,24,3710
KH4,7,1,0,0,107,306.39581123,-4.00000000,7,8641
KH4,7,1,0,1,108,303.72914456,-2.66666667,0,10704
KH4,7,1,0,0,109,295.72914456,-8.00000000,25,3843
KH4,7,1,0,0,110,289.50692234,-6.22222222,24,4505
KH4,7,1,0,0,111,285.06247789,-4.44444444,24,4766
KH4,7,1,0,0,112,282.39581123,-2.66666667,25,3878
KH4,7,1,0,0,113,281.50692234,-0.88888889,31,2441
KH4,7,1,0,0,114,282.39581123,0.88888889,28,3172
KH4,7,1,0,0,115,285.06247789,2.66666667,19,5513
KH4,7,1,0,0,116,289.50692234,4.44444444,33,1587
KH4,7,1,0,0,117,295.28470011,5.77777778,9,8454
KH4,7,1,0,0,118,302.39581123,7.11111111,34,1034
KH4,7,1,0,0,119,310.39581123,8.00000000,26,2980
KH4,7,1,0,0,120,319.28470011,8.88888889,29,1946
KH4,7,1,0,0,121,328.61803345,9.33333333,26,2541
KH4,7,1,0,1,122,338.39581123,9.77777778,0,10926
KH4,7,1,0,1,123,341.95136678,3.55555556,0,10994
KH4,7,1,0,1,124,339.72914456,-2.22222222,0,10848
KH4,7,1,0,1,125,331.72914456,-8.00000000,0,10652
KH4,7,1,0,0,126,318.39581123,-13.33333333,30,1228
KH4,7,1,0,1,127,306.84025567,-11.55555556,0,10756
KH4,8,1,0,1,128,290.39581123,-16.44444444,0,11089
KH4,8,1,0,0,129,269.50692234,-20.88888889,13,8105
KH4,8,1,0,0,130,251.28470011,-18.22222222,33,2756
KH4,8,1,0,0,131,235.72914456,-15.55555556,33,3279
KH4,8,1,0,0,132,222.84025567,-12.88888889,40,2203
KH4,8,1,0,0,133,212.61803345,-10.22222222,45,1568
KH4,8,1,0,0,134,205.06247789,-7.55555556,47,1336
KH4,8,1,0,0,135,200.17358900,-4.88888889,43,2398
KH4,8,1,0,0,136,197.95136678,-2.22222222,49,1274
KH4,8,1,0,0,137,198.39581123,0.44444444,49,1102
KH4,8,1,0,0,138,201.50692234,3.11111111,46,1706
KH4,8,1,0,0,139,206.84025567,5.33333333,47,1362
KH4,8,1,0,0,140,213.95136678,7.11111111,45,1192
KH4,8,1,0,0,141,222.39581123,8.44444444,40,2040
KH4,8,1,0,0,142,231.72914456,9.33333333,41,1371
KH4,8,1,0,0,143,241.95136678,10.22222222,39,1748
KH4,8,1,0,0,144,252.61803345,10.66666667,18,6599
KH4,8,1,0,0,145,263.28470011,10.66666667,29,3281
KH4,8,1,0,0,146,273.95136678,10.66666667,7,9176
KH4,8,1,0,0,147,284.61803345,10.66666667,25,4029
KH4,8,1,0,0,148,295.28470011,10.66666667,27,3144
KH4,8,1,0,0,149,305.95136678,10.66666667,21,4333
KH4,8,1,0,0,150,316.61803345,10.66666667,0,11211
KH4,8,1,0,0,151,327.28470011,10.66666667,13,6783
KH4,8,1,0,1,152,337.95136678,10.66666667,0,10861
KH4,8,1,0,1,153,341.95136678,4.00000000,0,10954
KH4,9,1,1,0,154,450.00000000,4.00000000,21,1457
KH4,9,1,1,1,155,430.00000000,4.00000000,0,10496
KH4,9,1,1,1,156,410.00000000,4.00000000,0,10970
KH4,9,1,1,1,157,390.00000000,4.00000000,0,10799
KH4,9,1,1,1,158,370.00000000,4.00000000,0,10771
KH4,9,1,1,0,159,350.00000000,4.00000000,22,3795
KH4,9,1,1,1,160,330.00000000,4.00000000,0,11048
KH4,9,1,1,0,161,310.00000000,4.00000000,18,5691
KH4,9,1,1,1,162,290.00000000,4.00000000,0,10792
KH4,9,1,1,0,163,270.00000000,4.00000000,28,3583
KH4,9,1,1,0,164,250.00000000,4.00000000,28,4065
KH4,10,1,0,1,165,339.72914456,-2.22222222,0,10843
KH4,10,1,0,0,166,331.72914456,-8.00000000,21,4346
KH4,10,1,0,0,167,325.06247789,-6.66666667,18,5017
KH4,10,1,0,1,168,319.72914456,-5.33333333,0,10907
KH4,10,1,0,0,169,309.06247789,-10.66666667,6,9078
KH4,10,1,0,0,170,300.17358900,-8.88888889,20,5184
KH4,10,1,0,0,171,293.06247789,-7.11111111,17,6126
KH4,10,1,0,0,172,287.72914456,-5.33333333,22,4674
KH4,10,1,0,0,173,284.17358900,-3.55555556,32,1919
KH4,10,1,0,0,174,282.39581123,-1.77777778,29,2794
KH4,10,1,0,0,175,282.39581123,0.00000000,27,3346
KH4,10,1,0,0,176,284.17358900,1.77777778,17,6446
KH4,10,1,0,0,177,287.72914456,3.55555556,25,3815
KH4,10,1,0,0,178,293.06247789,5.33333333,27,3552
KH4,10,1,0,0,179,300.17358900,7.11111111,28,2669
KH4,10,1,0,0,180,308.61803345,8.44444444,13,6977
KH4,10,1,0,1,181,317.95136678,9.33333333,0,10834
KH4,10,1,0,0,182,321.06247789,3.11111111,4,9817
KH4,10,1,0,0,183,325.06247789,4.00000000,27,2516
KH4,10,1,0,1,184,329.95136678,4.88888889,0,10869
KH4,11,1,0,0,185,328.61803345,-1.33333333,23,3331
KH4,11,1,0,1,186,328.17358900,-0.44444444,0,10762
KH4,11,1,0,0,187,321.95136678,-6.22222222,25,2897
KH4,11,1,0,1,188,317.06247789,-4.88888889,0,10829
KH4,11,1,0,0,189,306.84025567,-10.22222222,25,3104
KH4,11,1,0,0,190,298.39581123,-8.44444444,33,1170
KH4,11,1,0,0,191,291.72914456,-6.66666667,21,4849
KH4,11,1,0,0,192,286.84025567,-4.88888889,24,4059
KH4,11,1,0,0,193,283.72914456,-3.11111111,25,3942
KH4,11,1,0,0,194,282.39581123,-1.33333333,32,1820
KH4,11,1,0,0,195,282.84025567,0.44444444,30,2426
KH4,11,1,0,0,196,285.06247789,2.22222222,33,1713
KH4,11,1,0,1,197,289.06247789,4.00000000,0,10887
KH4,11,1,0,0,198,287.72914456,-1.33333333,33,1073
KH4,11,1,0,0,199,288.17358900,0.44444444,27,2962
KH4,11,1,0,1,200,290.39581123,2.22222222,0,11076
KH4,11,1,0,0,201,287.28470011,-3.11111111,33,1110
KH4,11,1,0,0,202,285.95136678,-1.33333333,25,3961
KH4,11,1,0,0,203,285.95136678,0.00000000,22,4686
KH4,11,1,0,0,204,287.28470011,1.33333333,28,2749
KH4,11,1,0,0,205,289.50692234,2.22222222,19,5519
KH4,11,1,0,1,206,292.61803345,3.11111111,0,10911
KH4,11,1,0,0,207,289.95136678,-2.66666667,24,3836
KH4,11,1,0,0,208,288.61803345,-1.33333333,2,10234
KH4,12,1,0,0,209,288.61803345,0.00000000,34,967
KH4,12,1,0,1,210,289.95136678,1.33333333,0,10935
KH4,12,1,0,0,211,285.95136678,-4.00000000,33,1215
KH4,12,1,0,0,212,283.72914456,-2.22222222,29,2808
KH4,12,1,0,0,213,283.28470011,-0.44444444,10,8145
KH4,12,1,0,1,214,284.17358900,0.88888889,0,11014
KH4,12,1,0,0,215,279.72914456,-4.44444444,26,3505
KH4,12,1,0,0,216,277.06247789,-2.66666667,33,1906
KH4,12,1,0,0,217,275.72914456,-1.33333333,31,2432
KH4,12,1,0,0,218,275.72914456,-0.00000000,15,6932
KH4,12,1,0,0,219,277.06247789,1.33333333,33,1917
KH4,12,1,0,0,220,279.72914456,2.66666667,25,3899
KH4,12,1,0,0,221,283.72914456,4.00000000,28,3220
KH4,12,1,0,0,222,289.06247789,5.33333333,10,8057
KH4,12,1,0,0,223,295.28470011,6.22222222,31,1725
KH4,12,1,0,0,224,302.39581123,7.11111111,31,1403
KH4,12,1,0,0,225,310.39581123,8.00000000,31,1292
KH4,12,1,0,0,226,319.28470011,8.88888889,32,837
KH4,12,1,0,1,227,328.61803345,9.33333333,0,10882
KH4,12,1,0,1,228,331.72914456,3.11111111,0,10621
KH4,12,1,0,1,229,329.06247789,-2.66666667,0,10858
KH4,12,1,0,0,230,321.06247789,-8.00000000,11,7427
KH4,12,1,0,0,231,314.39581123,-6.66666667,14,6859
KH4,13,1,1,0,232,450.00000000,-6.66666667,2,10338
KH4,13,1,1,1,233,430.00000000,-6.66666667,0,10591
KH4,13,1,1,1,234,410.00000000,-6.66666667,0,10897
KH4,13,1,1,1,235,390.00000000,-6.66666667,0,10909
KH4,13,1,1,1,236,370.00000000,-6.66666667,0,10664
KH4,13,1,1,1,237,350.00000000,-6.66666667,0,10767
KH4,13,1,1,1,238,330.00000000,-6.66666667,0,10994
KH4,13,1,1,0,239,310.00000000,-6.66666667,12,7117
KH4,13,1,1,0,240,290.00000000,-6.66666667,25,3673
KH4,13,1,1,0,241,270.00000000,-6.66666667,36,1212
KH4,13,1,1,0,242,250.00000000,-6.66666667,37,1731
KH5,1,2,1,0,1,450.00000000,0.00000000,3,10051
KH5,1,2,1,1,2,430.00000000,0.00000000,0,10418
KH5,1,2,1,1,3,410.00000000,0.00000000,0,10448
KH5,1,2,1,0,4,390.00000000,0.00000000,12,6877
KH5,1,2,1,0,5,370.00000000,0.00000000,2,10736
KH5,1,2,1,0,6,350.00000000,0.00000000,17,4667
KH5,1,2,1,0,7,330.00000000,0.00000000,27,2240
KH5,1,2,1,0,8,310.00000000,0.00000000,26,3204
KH5,1,2,1,0,9,290.00000000,0.00000000,27,3198
KH5,1,2,1,0,10,270.00000000,0.00000000,28,3104
KH5,1,2,1,0,11,250.00000000,0.00000000,41,671
KH5,2,2,0,1,12,400.00000000,0.00000000,0,10539
KH5,2,2,0,0,13,350.00000000,-50.00000000,19,4511
KH5,2,2,0,1,14,362.50000000,12.50000000,0,10814
KH5,2,2,0,0,15,351.38888889,-11.11111111,18,4663
KH5,2,2,0,0,16,357.63888889,6.25000000,11,7765
KH5,2,2,0,0,17,371.63888889,14.00000000,12,6506
KH5,2,2,0,0,18,389.69444444,18.05555556,23,1814
KH5,2,2,0,1,19,410.10260771,20.40816327,0,10853
KH5,2,2,0,1,20,419.47760771,9.37500000,0,10881
KH5,2,2,0,0,21,421.32945956,1.85185185,12,5919
KH5,2,2,0,1,22,427.82945956,6.50000000,0,10808
KH5,2,2,0,0,23,428.65590584,0.82644628,2,10489
KH5,2,2,0,0,24,433.51701695,4.86111111,3,9984
KH5,2,2,0,1,25,441.50518263,7.98816568,0,10726
KH5,2,2,0,0,26,444.82150916,3.31632653,21,1429
KH5,2,2,0,0,27,451.04373139,6.22222222,18,3249
KH5,2,2,0,0,28,459.93262028,8.88888889,12,5640
KH5,2,2,0,1,29,471.04373139,11.11111111,0,10746
KH5,3,2,0,0,30,477.71039805,6.66666667,5,8081
KH5,3,2,0,0,31,486.59928694,8.88888889,11,5368
KH5,3,2,0,1,32,497.71039805,11.11111111,0,10622
KH5,3,2,0,0,33,504.37706472,6.66666667,10,5560
KH5,3,2,0,1,34,513.71039805,9.33333333,0,10818
KH5,3,2,0,1,35,519.04373139,5.33333333,0,10295
KH5,3,2,0,0,36,520.37706472,1.33333333,11,5075
KH5,3,2,0,0,37,524.37706472,4.00000000,20,470
KH5,3,2,0,0,38,531.04373139,6.66666667,9,5845
KH5,3,2,0,0,39,539.93262028,8.88888889,15,2582
KH5,3,2,0,1,40,551.04373139,11.11111111,0,10324
KH5,3,2,0,1,41,557.71039805,6.66666667,0,10324
KH5,3,2,0,1,42,559.93262028,2.22222222,0,10451
KH5,3,2,0,1,43,558.15484250,-1.77777778,0,10510
KH5,3,2,0,1,44,552.82150916,-5.33333333,0,10566
KH5,3,2,0,0,45,544.37706472,-8.44444444,10,5467
KH5,3,2,0,0,46,539.48817583,-4.88888889,4,9245
KH5,4,2,0,1,47,538.15484250,-1.33333333,0,10509
KH5,4,2,0,1,48,533.71039805,-4.44444444,0,10372
KH5,4,2,0,0,49,526.15484250,-7.55555556,14,3704
KH5,4,2,0,1,50,522.59928694,-3.55555556,0,10584
KH5,4,2,0,0,51,515.93262028,-6.66666667,16,3171
KH5,4,2,0,0,52,512.82150916,-3.11111111,15,3182
KH5,4,2,0,0,53,513.26595361,0.44444444,3,9267
KH5,4,2,0,0,54,517.26595361,4.00000000,20,505
KH5,4,2,0,0,55,524.82150916,7.55555556,15,3102
KH5,4,2,0,0,56,535.93262028,11.11111111,18,956
KH5,4,2,0,0,57,550.15484250,14.22222222,18,1022
KH5,4,2,0,1,58,567.04373139,16.88888889,0,10628
KH5,4,2,0,0,59,579.48817583,12.44444444,4,8692
KH5,4,2,0,0,60,594.15484250,14.66666667,0,10469
KH5,4,2,0,0,61,610.59928694,16.44444444,12,3441
KH5,4,2,0,0,62,628.82150916,18.22222222,3,9060
KH5,4,2,0,1,63,648.82150916,20.00000000,0,10273
KH5,4,2,0,1,64,663.48817583,14.66666667,0,10304
KH5,4,2,0,0,65,672.82150916,9.33333333,9,4591
KH5,5,2,1,0,66,450.00000000,9.33333333,9,6788
KH5,5,2,1,0,67,430.00000000,9.33333333,8,7362
KH5,5,2,1,0,68,410.00000000,9.33333333,17,3495
KH5,5,2,1,0,69,390.00000000,9.33333333,23,2193
KH5,5,2,1,0,70,370.00000000,9.33333333,15,4894
KH5,5,2,1,0,71,350.00000000,9.33333333,15,5347
KH5,5,2,1,0,72,330.00000000,9.33333333,28,1882
KH5,5,2,1,0,73,310.00000000,9.33333333,32,883
KH5,5,2,1,0,74,290.00000000,9.33333333,35,432
KH5,5,2,1,0,75,270.00000000,9.33333333,28,3366
KH5,5,2,1,0,76,250.00000000,9.33333333,39,996
KH5,6,2,0,1,77,683.93262028,11.11111111,0,10731
KH5,6,2,0,1,78,689.71039805,5.77777778,0,10287
KH5,6,2,0,1,79,690.59928694,0.88888889,0,10314
KH5,6,2,0,1,80,687.04373139,-3.55555556,0,10251
KH5,6,2,0,0,81,679.48817583,-7.55555556,6,6650
KH5,6,2,0,1,82,675.04373139,-4.44444444,0,10595
KH5,6,2,0,1,83,667.04373139,-8.00000000,0,10555
KH5,6,2,0,1,84,655.93262028,-11.11111111,0,10332
KH5,6,2,0,0,85,642.15484250,-13.77777778,7,6317
KH5,6,2,0,0,86,632.37706472,-9.77777778,16,531
KH5,6,2,0,1,87,626.59928694,-5.77777778,0,10481
KH5,6,2,0,1,88,618.15484250,-8.44444444,0,10310
KH5,6,2,0,1,89,607.48817583,-10.66666667,0,10307
KH5,6,2,0,1,90,595.04373139,-12.44444444,0,10835
KH5,6,2,0,0,91,580.82150916,-14.22222222,11,4662
KH5,6,2,0,1,92,571.48817583,-9.33333333,0,10286
KH5,7,2,0,1,93,560.37706472,-11.11111111,0,10667
KH5,7,2,0,0,94,547.48817583,-12.88888889,13,3780
KH5,7,2,0,0,95,539.48817583,-8.00000000,9,5849
KH5,7,2,0,0,96,535.93262028,-3.55555556,1,10151
KH5,7,2,0,0,97,536.37706472,0.44444444,1,10714
KH5,7,2,0,1,98,540.82150916,4.44444444,0,10258
KH5,7,2,0,1,99,542.15484250,1.33333333,0,10297
KH5,7,2,0,0,100,540.37706472,-1.77777778,3,9112
KH5,7,2,0,0,101,542.15484250,1.77777778,12,5296
KH5,7,2,0,1,102,547.48817583,5.33333333,0,10824
KH5,7,2,0,1,103,549.71039805,2.22222222,0,10278
KH5,7,2,0,1,104,548.82150916,-0.88888889,0,10353
KH5,7,2,0,1,105,544.82150916,-4.00000000,0,10265
KH5,7,2,0,0,106,537.71039805,-7.11111111,7,7639
KH5,7,2,0,1,107,534.15484250,-3.55555556,0,10611
KH5,8,2,0,1,108,527.48817583,-6.66666667,0,10472
KH5,8,2,0,0,109,517.71039805,-9.77777778,16,3068
KH5,8,2,0,1,110,511.48817583,-6.22222222,0,10480
KH5,8,2,0,1,111,502.15484250,-9.33333333,0,10286
KH5,8,2,0,1,112,490.15484250,-12.00000000,0,10293
KH5,8,2,0,0,113,475.93262028,-14.22222222,4,9065
KH5,8,2,0,0,114,466.59928694,-9.33333333,9,6585
KH5,8,2,0,0,115,461.71039805,-4.88888889,21,956
KH5,8,2,0,0,116,460.82150916,-0.88888889,22,432
KH5,8,2,0,1,117,463.93262028,3.11111111,0,10778
KH5,8,2,0,1,118,464.37706472,0.44444444,0,10962
KH5,8,2,0,1,119,462.15484250,-2.22222222,0,10565
KH5,8,2,0,0,120,457.26595361,-4.88888889,20,1380
KH5,8,2,0,0,121,456.37706472,-0.88888889,9,6099
KH5,8,2,0,1,122,459.04373139,2.66666667,0,10639
KH5,8,2,0,0,123,458.59928694,-0.44444444,11,5625
KH5,8,2,0,0,124,461.71039805,3.11111111,4,8824
KH5,8,2,0,1,125,467.93262028,6.22222222,0,10817
KH5,9,2,1,0,126,450.00000000,6.22222222,16,3840
KH5,9,2,1,0,127,430.00000000,6.22222222,18,2778
KH5,9,2,1,0,128,410.00000000,6.22222222,15,4558
KH5,9,2,1,0,129,390.00000000,6.22222222,18,3579
KH5,9,2,1,0,130,370.00000000,6.22222222,12,6397
KH5,9,2,1,0,131,350.00000000,6.22222222,15,5399
KH5,9,2,1,0,132,330.00000000,6.22222222,31,462
KH5,9,2,1,0,133,310.00000000,6.22222222,29,1746
KH5,9,2,1,0,134,290.00000000,6.22222222,32,1278
KH5,9,2,1,0,135,270.00000000,6.22222222,35,2705
KH5,9,2,1,0,136,250.00000000,6.22222222,26,4692
KH5,10,2,0,1,137,470.59928694,2.66666667,0,10364
KH5,10,2,0,0,138,469.71039805,-0.88888889,14,4104
KH5,10,2,0,1,139,471.93262028,2.22222222,0,10326
KH5,10,2,0,0,140,470.15484250,-1.77777778,4,8937
KH5,10,2,0,0,141,471.48817583,1.33333333,10,6166
KH5,10,2,0,1,142,475.93262028,4.44444444,0,10403
KH5,10,2,0,1,143,476.82150916,0.88888889,0,10488
KH5,10,2,0,0,144,474.59928694,-2.22222222,6,8099
KH5,10,2,0,0,145,475.93262028,1.33333333,17,3502
KH5,10,2,0,0,146,480.37706472,4.44444444,20,849
KH5,10,2,0,0,147,487.48817583,7.11111111,3,9397
KH5,10,2,0,0,148,497.26595361,9.77777778,19,2003
KH5,10,2,0,0,149,509.71039805,12.44444444,0,10625
KH5,10,2,0,1,150,524.37706472,14.66666667,0,10327
KH5,10,2,0,0,151,534.59928694,10.22222222,12,4078
KH5,10,2,0,0,152,547.48817583,12.88888889,15,2764
KH5,10,2,0,1,153,562.59928694,15.11111111,0,10499
KH5,10,2,0,0,154,572.82150916,10.22222222,6,7391
KH5,11,2,0,1,155,585.26595361,12.44444444,0,10519
KH5,11,2,0,1,156,592.82150916,7.55555556,0,10881
KH5,11,2,0,1,157,595.93262028,3.11111111,0,10546
KH5,11,2,0,1,158,595.04373139,-0.88888889,0,10432
KH5,11,2,0,1,159,590.15484250,-4.88888889,0,10508
KH5,11,2,0,1,160,581.26595361,-8.88888889,0,10310
KH5,11,2,0,0,161,568.82150916,-12.44444444,18,552
KH5,11,2,0,1,162,559.93262028,-8.88888889,0,10416
KH5,11,2,0,0,163,547.93262028,-12.00000000,12,4885
KH5,11,2,0,1,164,539.93262028,-8.00000000,0,10674
KH5,11,2,0,0,165,529.26595361,-10.66666667,18,1224
KH5,11,2,0,0,166,523.04373139,-6.22222222,16,2965
KH5,11,2,0,1,167,520.82150916,-2.22222222,0,10313
KH5,11,2,0,0,168,515.93262028,-4.88888889,16,2550
KH5,11,2,0,0,169,515.48817583,-0.44444444,18,1604
KH5,11,2,0,0,170,519.04373139,3.55555556,16,2637
KH5,11,2,0,1,171,526.59928694,7.55555556,0,10360
KH5,11,2,0,0,172,531.04373139,4.44444444,9,5898
KH5,12,2,0,1,173,539.04373139,8.00000000,0,10646
KH5,12,2,0,1,174,543.48817583,4.44444444,0,10953
KH5,12,2,0,0,175,544.37706472,0.88888889,2,9853
KH5,12,2,0,0,176,548.37706472,4.00000000,15,2831
KH5,12,2,0,1,177,555.04373139,6.66666667,0,10614
KH5,12,2,0,1,178,557.71039805,2.66666667,0,10788
KH5,12,2,0,0,179,556.37706472,-1.33333333,3,8983
KH5,12,2,0,1,180,558.15484250,1.77777778,0,10618
KH5,12,2,0,1,181,555.93262028,-2.22222222,0,10572
KH5,12,2,0,1,182,550.15484250,-5.77777778,0,10420
KH5,12,2,0,0,183,541.26595361,-8.88888889,0,11601
KH5,12,2,0,0,184,535.93262028,-5.33333333,13,3566
KH5,12,2,0,1,185,534.15484250,-1.77777778,0,10595
KH5,12,2,0,1,186,529.26595361,-4.88888889,0,10301
KH5,12,2,0,1,187,521.71039805,-7.55555556,0,10614
KH5,13,2,1,0,188,450.00000000,-7.55555556,20,1846
KH5,13,2,1,0,189,430.00000000,-7.55555556,22,1361
KH5,13,2,1,1,190,410.00000000,-7.55555556,0,10643
KH5,13,2,1,0,191,390.00000000,-7.55555556,16,4442
KH5,13,2,1,0,192,370.00000000,-7.55555556,21,3751
KH5,13,2,1,0,193,350.00000000,-7.55555556,16,5079
KH5,13,2,1,0,194,330.00000000,-7.55555556,31,414
KH5,13,2,1,0,195,310.00000000,-7.55555556,12,6954
KH5,13,2,1,0,196,290.00000000,-7.55555556,27,3151
KH5,13,2,1,0,197,270.00000000,-7.55555556,35,1478
KH5,13,2,1,0,198,250.00000000,-7.55555556,36,2197
KH6,1,3,1,1,1,450.00000000,0.00000000,0,10994
KH6,1,3,1,0,2,430.00000000,0.00000000,24,2336
KH6,1,3,1,1,3,410.00000000,0.00000000,0,10865
KH6,1,3,1,0,4,390.00000000,0.00000000,26,1343
KH6,1,3,1,1,5,370.00000000,0.00000000,0,10939
KH6,1,3,1,1,6,350.00000000,0.00000000,0,10771
KH6,1,3,1,0,7,330.00000000,0.00000000,30,1348
KH6,1,3,1,0,8,310.00000000,0.00000000,13,7142
KH6,1,3,1,1,9,290.00000000,0.00000000,0,10799
KH6,1,3,1,0,10,270.00000000,0.00000000,37,1434
KH6,1,3,1,0,11,250.00000000,0.00000000,8,9297
KH6,2,3,0,1,12,400.00000000,0.00000000,0,10710
KH6,2,3,0,1,13,390.00000000,-10.00000000,0,10802
KH6,2,3,0,1,14,382.50000000,-7.50000000,0,10943
KH6,2,3,0,1,15,375.83333333,-6.66666667,0,10705
KH6,2,3,0,1,16,369.58333333,-6.25000000,0,10923
KH6,2,3,0,1,17,363.58333333,-6.00000000,0,10851
KH6,2,3,0,1,18,357.75000000,-5.83333333,0,10995
KH6,2,3,0,0,19,352.03571429,-5.71428571,11,7283
KH6,2,3,0,0,20,358.91071429,6.87500000,11,7049
KH6,2,3,0,0,21,374.34281305,15.43209877,22,2893
KH6,2,3,0,0,22,395.84281305,21.50000000,16,4591
KH6,2,3,0,0,23,421.79322627,25.95041322,5,9070
KH6,2,3,0,0,24,451.09878183,29.30555556,5,9138
KH6,2,3,0,1,25,482.99227295,31.89349112,0,10770
KH6,2,3,0,0,26,509.77798724,26.78571429,9,6196
KH6,2,3,0,1,27,539.11132057,29.33333333,0,10662
KH6,3,3,0,0,28,565.33354280,26.22222222,3,8956
KH6,3,3,0,1,29,595.11132057,29.77777778,0,10857
KH6,3,3,0,1,30,621.33354280,26.22222222,0,10591
KH6,3,3,0,1,31,644.00020946,22.66666667,0,11090
KH6,3,3,0,1,32,663.11132057,19.11111111,0,10499
KH6,3,3,0,1,33,678.66687613,15.55555556,0,10718
KH6,3,3,0,1,34,690.66687613,12.00000000,0,11002
KH6,3,3,0,1,35,699.11132057,8.44444444,0,10418
KH6,3,3,0,1,36,704.44465391,5.33333333,0,10450
KH6,3,3,0,1,37,707.11132057,2.66666667,0,10514
KH6,3,3,0,1,38,707.55576502,0.44444444,0,10444
KH6,3,3,0,1,39,706.22243168,-1.33333333,0,10503
KH6,3,3,0,1,40,703.55576502,-2.66666667,0,10431
KH6,3,3,0,1,41,700.00020946,-3.55555556,0,10449
KH6,4,3,0,1,42,695.55576502,-4.44444444,0,10437
KH6,4,3,0,1,43,690.66687613,-4.88888889,0,10911
KH6,4,3,0,1,44,685.33354280,-5.33333333,0,10803
KH6,4,3,0,1,45,680.00020946,-5.33333333,0,10692
KH6,4,3,0,1,46,674.66687613,-5.33333333,0,10594
KH6,4,3,0,1,47,669.33354280,-5.33333333,0,10579
KH6,4,3,0,1,48,664.00020946,-5.33333333,0,10422
KH6,4,3,0,1,49,658.66687613,-5.33333333,0,10462
KH6,4,3,0,1,50,653.33354280,-5.33333333,0,10421
KH6,4,3,0,1,51,648.00020946,-5.33333333,0,10860
KH6,4,3,0,0,52,642.66687613,-5.33333333,4,8353
KH6,4,3,0,1,53,644.00020946,1.33333333,0,10844
KH6,4,3,0,1,54,644.88909835,0.88888889,0,10743
KH6,4,3,0,1,55,645.33354280,0.44444444,0,10910
KH6,5,3,1,1,56,450.00000000,0.44444444,0,10853
KH6,5,3,1,0,57,430.00000000,0.44444444,5,8783
KH6,5,3,1,1,58,410.00000000,0.44444444,0,10804
KH6,5,3,1,1,59,390.00000000,0.44444444,0,10629
KH6,5,3,1,1,60,370.00000000,0.44444444,0,10890
KH6,5,3,1,1,61,350.00000000,0.44444444,0,10696
KH6,5,3,1,1,62,330.00000000,0.44444444,0,10697
KH6,5,3,1,1,63,310.00000000,0.44444444,0,10780
KH6,5,3,1,0,64,290.00000000,0.44444444,25,3742
KH6,5,3,1,0,65,270.00000000,0.44444444,35,1686
KH6,5,3,1,0,66,250.00000000,0.44444444,37,2011
KH6,6,3,0,1,67,645.33354280,0.00000000,0,10838
KH6,6,3,0,1,68,644.88909835,-0.44444444,0,10819
KH6,6,3,0,1,69,644.00020946,-0.88888889,0,10709
KH6,6,3,0,1,70,642.66687613,-1.33333333,0,10808
KH6,6,3,0,0,71,640.88909835,-1.77777778,3,8849
KH6,6,3,0,1,72,645.33354280,4.44444444,0,10850
KH6,6,3,0,1,73,648.88909835,3.55555556,0,10758
KH6,6,3,0,1,74,651.55576502,2.66666667,0,10412
KH6,6,3,0,1,75,653.33354280,1.77777778,0,10424
KH6,6,3,0,0,76,654.22243168,0.88888889,12,3204
KH6,6,3,0,1,77,660.88909835,6.66666667,0,10508
KH6,6,3,0,1,78,666.22243168,5.33333333,0,10668
KH6,6,3,0,1,79,670.22243168,4.00000000,0,10546
KH6,6,3,0,1,80,673.33354280,3.11111111,0,10521
KH6,7,3,0,1,81,675.55576502,2.22222222,0,10652
KH6,7,3,0,1,82,676.88909835,1.33333333,0,10714
KH6,7,3,0,1,83,677.33354280,0.44444444,0,10630
KH6,7,3,0,1,84,676.88909835,-0.44444444,0,10478
KH6,7,3,0,1,85,675.55576502,-1.33333333,0,10639
KH6,7,3,0,0,86,673.33354280,-2.22222222,8,5280
KH6,7,3,0,1,87,676.88909835,3.55555556,0,10639
KH6,7,3,0,1,88,679.55576502,2.66666667,0,10819
KH6,7,3,0,1,89,681.33354280,1.77777778,0,10592
KH6,7,3,0,0,90,682.22243168,0.88888889,3,8899
KH6,7,3,0,1,91,688.88909835,6.66666667,0,10855
KH6,7,3,0,1,92,694.22243168,5.33333333,0,10419
KH6,7,3,0,1,93,698.66687613,4.44444444,0,10440
KH6,7,3,0,1,94,702.22243168,3.55555556,0,10480
KH6,8,3,0,1,95,704.88909835,2.66666667,0,10424
KH6,8,3,0,1,96,706.66687613,1.77777778,0,10415
KH6,8,3,0,1,97,707.55576502,0.88888889,0,10479
KH6,8,3,0,1,98,707.55576502,0.00000000,0,10416
KH6,8,3,0,1,99,706.66687613,-0.88888889,0,10425
KH6,8,3,0,1,100,704.88909835,-1.77777778,0,10425
KH6,8,3,0,1,101,702.22243168,-2.66666667,0,10421
KH6,8,3,0,1,102,698.66687613,-3.55555556,0,10416
KH6,8,3,0,1,103,694.66687613,-4.00000000,0,10429
KH6,8,3,0,1,104,690.22243168,-4.44444444,0,10737
KH6,8,3,0,1,105,685.33354280,-4.88888889,0,10865
KH6,8,3,0,1,106,680.00020946,-5.33333333,0,10728
KH6,8,3,0,1,107,674.66687613,-5.33333333,0,10590
KH6,8,3,0,1,108,669.33354280,-5.33333333,0,10439
KH6,9,3,1,1,109,450.00000000,-5.33333333,0,10837
KH6,9,3,1,1,110,430.00000000,-5.33333333,0,10934
KH6,9,3,1,1,111,410.00000000,-5.33333333,0,10803
KH6,9,3,1,1,112,390.00000000,-5.33333333,0,10726
KH6,9,3,1,1,113,370.00000000,-5.33333333,0,10935
KH6,9,3,1,1,114,350.00000000,-5.33333333,0,10737
KH6,9,3,1,1,115,330.00000000,-5.33333333,0,10812
KH6,9,3,1,0,116,310.00000000,-5.33333333,9,8047
KH6,9,3,1,0,117,290.00000000,-5.33333333,3,10537
KH6,9,3,1,0,118,270.00000000,-5.33333333,38,866
KH6,9,3,1,0,119,250.00000000,-5.33333333,34,2765
KH6,10,3,0,1,120,664.00020946,-5.33333333,0,10455
KH6,10,3,0,1,121,658.66687613,-5.33333333,0,10429
KH6,10,3,0,1,122,653.33354280,-5.33333333,0,10416
KH6,10,3,0,1,123,648.00020946,-5.33333333,0,10765
KH6,10,3,0,1,124,642.66687613,-5.33333333,0,10607
KH6,10,3,0,1,125,637.33354280,-5.33333333,0,10489
KH6,10,3,0,1,126,632.00020946,-5.33333333,0,10428
KH6,10,3,0,1,127,626.66687613,-5.33333333,0,10438
KH6,10,3,0,1,128,621.33354280,-5.33333333,0,10413
KH6,10,3,0,1,129,616.00020946,-5.33333333,0,10423
KH6,10,3,0,1,130,610.66687613,-5.33333333,0,10945
KH6,10,3,0,1,131,605.33354280,-5.33333333,0,10664
KH6,10,3,0,1,132,600.00020946,-5.33333333,0,10638
KH6,10,3,0,1,133,594.66687613,-5.33333333,0,10688
KH6,11,3,0,1,134,589.33354280,-5.33333333,0,10701
KH6,11,3,0,0,135,584.00020946,-5.33333333,9,5829
KH6,11,3,0,1,136,585.33354280,1.33333333,0,10422
KH6,11,3,0,0,137,586.22243168,0.88888889,18,502
KH6,11,3,0,1,138,593.33354280,7.11111111,0,10778
KH6,11,3,0,1,139,599.55576502,6.22222222,0,10729
KH6,11,3,0,1,140,604.88909835,5.33333333,0,10677
KH6,11,3,0,1,141,609.33354280,4.44444444,0,10893
KH6,11,3,0,1,142,612.88909835,3.55555556,0,10423
KH6,11,3,0,1,143,615.55576502,2.66666667,0,10424
KH6,11,3,0,1,144,617.33354280,1.77777778,0,10419
KH6,11,3,0,1,145,618.22243168,0.88888889,0,10554
KH6,11,3,0,1,146,618.22243168,0.00000000,0,10420
KH6,11,3,0,1,147,617.33354280,-0.88888889,0,10416
KH6,11,3,0,1,148,615.55576502,-1.77777778,0,10423
KH6,12,3,0,1,149,612.88909835,-2.66666667,0,10426
KH6,12,3,0,1,150,609.33354280,-3.55555556,0,10874
KH6,12,3,0,1,151,604.88909835,-4.44444444,0,10702
KH6,12,3,0,1,152,600.00020946,-4.88888889,0,10906
KH6,12,3,0,1,153,594.66687613,-5.33333333,0,10489
KH6,12,3,0,1,154,589.33354280,-5.33333333,0,10440
KH6,12,3,0,1,155,584.00020946,-5.33333333,0,10423
KH6,12,3,0,1,156,578.66687613,-5.33333333,0,10426
KH6,12,3,0,0,157,573.33354280,-5.33333333,14,2744
KH6,12,3,0,1,158,574.66687613,1.33333333,0,10859
KH6,12,3,0,0,159,575.55576502,0.88888889,5,8018
KH6,12,3,0,1,160,582.66687613,7.11111111,0,10420
KH6,12,3,0,1,161,588.88909835,6.22222222,0,10511
KH6,12,3,0,1,162,594.22243168,5.33333333,0,10534
KH6,12,3,0,1,163,598.66687613,4.44444444,0,10757
KH6,13,3,1,1,164,450.00000000,4.44444444,0,10838
KH6,13,3,1,1,165,430.00000000,4.44444444,0,10926
KH6,13,3,1,1,166,410.00000000,4.44444444,0,10560
KH6,13,3,1,1,167,390.00000000,4.44444444,0,10557
KH6,13,3,1,1,168,370.00000000,4.44444444,0,10972
KH6,13,3,1,1,169,350.00000000,4.44444444,0,10677
KH6,13,3,1,1,170,330.00000000,4.44444444,0,10794
KH6,13,3,1,1,171,310.00000000,4.44444444,0,10776
KH6,13,3,1,0,172,290.00000000,4.44444444,30,2039
KH6,13,3,1,0,173,270.00000000,4.44444444,21,5216
KH6,13,3,1,0,174,250.00000000,4.44444444,33,2668
