subId,roundId,group,isTestGame,successInStatic,gameNumber,gameInterval,previousIntervalChange,pressesToSuccess,duration
KH3,1,3,1,1,1,450.00000000,0.00000000,0,10479
KH3,1,3,1,1,2,430.00000000,0.00000000,0,10565
KH3,1,3,1,1,3,410.00000000,0.00000000,0,10963
KH3,1,3,1,0,4,390.00000000,0.00000000,8,7997
KH3,1,3,1,1,5,370.00000000,0.00000000,0,10545
KH3,1,3,1,0,6,350.00000000,0.00000000,2,9852
KH3,1,3,1,1,7,330.00000000,0.00000000,0,10734
KH3,1,3,1,0,8,310.00000000,0.00000000,26,2787
KH3,1,3,1,0,9,290.00000000,0.00000000,29,2766
KH3,1,3,1,0,10,270.00000000,0.00000000,20,7265
KH3,1,3,1,0,11,250.00000000,0.00000000,36,2776
KH3,2,3,0,0,12,400.00000000,0.00000000,14,5888
KH3,2,3,0,1,13,490.00000000,90.00000000,0,10356
KH3,2,3,0,1,14,507.50000000,17.50000000,0,10641
KH3,2,3,0,1,15,511.94444444,4.44444444,0,10768
KH3,2,3,0,1,16,511.94444444,0.00000000,0,10751
KH3,2,3,0,1,17,509.94444444,-2.00000000,0,10617
KH3,2,3,0,1,18,506.88888889,-3.05555556,0,10622
KH3,2,3,0,1,19,503.21541950,-3.67346939,0,10579
KH3,2,3,0,1,20,499.15291950,-4.06250000,0,10524
KH3,2,3,0,1,21,494.83193185,-4.32098765,0,10433
KH3,2,3,0,1,22,490.33193185,-4.50000000,0,10454
KH3,2,3,0,1,23,485.70383267,-4.62809917,0,10708
KH3,2,3,0,1,24,480.98161045,-4.72222222,0,10647
KH3,2,3,0,1,25,476.18871104,-4.79289941,0,10527
KH3,3,3,0,1,26,471.34177227,-4.84693878,0,10359
KH3,3,3,0,0,27,466.45288338,-4.88888889,15,3761
KH3,3,3,0,1,28,467.78621671,1.33333333,0,10344
KH3,3,3,0,1,29,468.67510560,0.88888889,0,10443
KH3,3,3,0,1,30,469.11955005,0.44444444,0,10378
KH3,3,3,0,1,31,469.11955005,0.00000000,0,10444
KH3,3,3,0,1,32,468.67510560,-0.44444444,0,10426
KH3,3,3,0,1,33,467.78621671,-0.88888889,0,10347
KH3,3,3,0,1,34,466.45288338,-1.33333333,0,10468
KH3,3,3,0,1,35,464.67510560,-1.77777778,0,10700
KH3,3,3,0,1,36,462.45288338,-2.22222222,0,10777
KH3,3,3,0,1,37,459.78621671,-2.66666667,0,10691
KH3,3,3,0,1,38,456.67510560,-3.11111111,0,10596
KH3,3,3,0,1,39,453.11955005,-3.55555556,0,10625
KH3,4,3,0,1,40,449.11955005,-4.00000000,0,10377
KH3,4,3,0,1,41,444.67510560,-4.44444444,0,10884
KH3,4,3,0,0,42,439.78621671,-4.88888889,10,6221
KH3,4,3,0,1,43,441.11955005,1.33333333,0,10668
KH3,4,3,0,0,44,442.00843893,0.88888889,14,4700
KH3,4,3,0,0,45,449.11955005,7.11111111,9,6790
KH3,4,3,0,1,46,462.00843893,12.88888889,0,10613
KH3,4,3,0,0,47,473.56399449,11.55555556,13,4715
KH3,4,3,0,1,48,490.45288338,16.88888889,0,10279
KH3,4,3,0,1,49,505.56399449,15.11111111,0,10478
KH3,4,3,0,1,50,518.89732782,13.33333333,0,10315
KH3,4,3,0,1,51,530.45288338,11.55555556,0,10816
KH3,4,3,0,1,52,540.23066116,9.77777778,0,10244
KH3,4,3,0,1,53,548.23066116,8.00000000,0,10480
KH3,4,3,0,0,54,554.45288338,6.22222222,1,10173
KH3,5,3,1,0,55,450.00000000,6.22222222,23,970
KH3,5,3,1,1,56,430.00000000,6.22222222,0,10420
KH3,5,3,1,1,57,410.00000000,6.22222222,0,10760
KH3,5,3,1,0,58,390.00000000,6.22222222,9,7149
KH3,5,3,1,1,59,370.00000000,6.22222222,0,10755
KH3,5,3,1,0,60,350.00000000,6.22222222,24,2192
KH3,5,3,1,1,61,330.00000000,6.22222222,0,10712
KH3,5,3,1,1,62,310.00000000,6.22222222,0,10747
KH3,5,3,1,0,63,290.00000000,6.22222222,11,8299
KH3,5,3,1,0,64,270.00000000,6.22222222,29,2992
KH3,5,3,1,0,65,250.00000000,6.22222222,35,2835
KH3,6,3,0,1,66,565.56399449,11.11111111,0,10561
KH3,6,3,0,1,67,574.45288338,8.88888889,0,10338
KH3,6,3,0,1,68,581.11955005,6.66666667,0,10488
KH3,6,3,0,1,69,585.56399449,4.44444444,0,10568
KH3,6,3,0,1,70,588.23066116,2.66666667,0,10804
KH3,6,3,0,0,71,589.11955005,0.88888889,16,2877
KH3,6,3,0,1,72,595.34177227,6.22222222,0,10665
KH3,6,3,0,1,73,600.23066116,4.88888889,0,10656
KH3,6,3,0,1,74,603.78621671,3.55555556,0,10664
KH3,6,3,0,1,75,606.45288338,2.66666667,0,10289
KH3,6,3,0,1,76,608.23066116,1.77777778,0,10285
KH3,6,3,0,1,77,609.11955005,0.88888889,0,10276
KH3,6,3,0,1,78,609.11955005,0.00000000,0,10266
KH3,6,3,0,1,79,608.23066116,-0.88888889,0,10256
KH3,7,3,0,1,80,606.45288338,-1.77777778,0,10300
KH3,7,3,0,1,81,603.78621671,-2.66666667,0,10795
KH3,7,3,0,0,82,600.67510560,-3.11111111,13,2838
KH3,7,3,0,1,83,603.78621671,3.11111111,0,10255
KH3,7,3,0,0,84,606.00843893,2.22222222,12,3457
KH3,7,3,0,1,85,614.00843893,8.00000000,0,10369
KH3,7,3,0,1,86,620.67510560,6.66666667,0,10516
KH3,7,3,0,1,87,626.00843893,5.33333333,0,10513
KH3,7,3,0,0,88,630.45288338,4.44444444,9,5713
KH3,7,3,0,1,89,640.67510560,10.22222222,0,10689
KH3,7,3,0,1,90,649.56399449,8.88888889,0,10351
KH3,7,3,0,1,91,657.11955005,7.55555556,0,10311
KH3,7,3,0,1,92,663.34177227,6.22222222,0,10403
KH3,7,3,0,1,93,668.23066116,4.88888889,0,10556
KH3,7,3,0,1,94,671.78621671,3.55555556,0,10557
KH3,8,3,0,1,95,674.00843893,2.22222222,0,10536
KH3,8,3,0,1,96,674.89732782,0.88888889,0,10868
KH3,8,3,0,1,97,674.45288338,-0.44444444,0,10521
KH3,8,3,0,0,98,672.67510560,-1.77777778,10,3937
KH3,8,3,0,1,99,676.67510560,4.00000000,0,10649
KH3,8,3,0,1,100,679.34177227,2.66666667,0,10732
KH3,8,3,0,1,101,681.11955005,1.77777778,0,10751
KH3,8,3,0,1,102,682.00843893,0.88888889,0,10697
KH3,8,3,0,1,103,682.00843893,0.00000000,0,10635
KH3,8,3,0,1,104,681.11955005,-0.88888889,0,11084
KH3,8,3,0,1,105,679.78621671,-1.33333333,0,10692
KH3,8,3,0,1,106,678.00843893,-1.77777778,0,10770
KH3,8,3,0,1,107,675.78621671,-2.22222222,0,10583
KH3,8,3,0,1,108,673.11955005,-2.66666667,0,10880
KH3,9,3,1,1,109,450.00000000,-2.66666667,0,10290
KH3,9,3,1,1,110,430.00000000,-2.66666667,0,10339
KH3,9,3,1,0,111,410.00000000,-2.66666667,5,9248
KH3,9,3,1,0,112,390.00000000,-2.66666667,14,5394
KH3,9,3,1,0,113,370.00000000,-2.66666667,15,5357
KH3,9,3,1,0,114,350.00000000,-2.66666667,21,3274
KH3,9,3,1,1,115,330.00000000,-2.66666667,0,10668
KH3,9,3,1,0,116,310.00000000,-2.66666667,11,7438
KH3,9,3,1,0,117,290.00000000,-2.66666667,33,1293
KH3,9,3,1,0,118,270.00000000,-2.66666667,32,2332
KH3,9,3,1,0,119,250.00000000,-2.66666667,39,931
KH3,10,3,0,1,120,670.00843893,-3.11111111,0,10648
KH3,10,3,0,1,121,666.45288338,-3.55555556,0,10420
KH3,10,3,0,1,122,662.45288338,-4.00000000,0,10353
KH3,10,3,0,1,123,658.00843893,-4.44444444,0,10322
KH3,10,3,0,1,124,653.11955005,-4.88888889,0,10273
KH3,10,3,0,1,125,647.78621671,-5.33333333,0,10253
KH3,10,3,0,1,126,642.45288338,-5.33333333,0,10254
KH3,10,3,0,1,127,637.11955005,-5.33333333,0,10847
KH3,10,3,0,1,128,631.78621671,-5.33333333,0,10608
KH3,10,3,0,1,129,626.45288338,-5.33333333,0,10429
KH3,10,3,0,0,130,621.11955005,-5.33333333,6,7312
KH3,10,3,0,1,131,622.45288338,1.33333333,0,10387
KH3,10,3,0,0,132,623.34177227,0.88888889,2,9833
KH3,10,3,0,1,133,630.45288338,7.11111111,0,10594
KH3,11,3,0,1,134,636.67510560,6.22222222,0,10600
KH3,11,3,0,1,135,642.00843893,5.33333333,0,10706
KH3,11,3,0,1,136,646.45288338,4.44444444,0,10266
KH3,11,3,0,1,137,650.00843893,3.55555556,0,10302
KH3,11,3,0,1,138,652.67510560,2.66666667,0,10283
KH3,11,3,0,1,139,654.45288338,1.77777778,0,10300
KH3,11,3,0,1,140,655.34177227,0.88888889,0,10452
KH3,11,3,0,1,141,655.34177227,0.00000000,0,10265
KH3,11,3,0,1,142,654.45288338,-0.88888889,0,10293
KH3,11,3,0,1,143,652.67510560,-1.77777778,0,10284
KH3,11,3,0,0,144,650.00843893,-2.66666667,8,5265
KH3,11,3,0,0,145,653.11955005,3.11111111,5,7692
KH3,11,3,0,1,146,661.56399449,8.44444444,0,10872
KH3,11,3,0,1,147,668.67510560,7.11111111,0,10617
KH3,12,3,0,1,148,674.45288338,5.77777778,0,10646
KH3,12,3,0,1,149,679.34177227,4.88888889,0,10621
KH3,12,3,0,0,150,683.34177227,4.00000000,4,7939
KH3,12,3,0,1,151,693.11955005,9.77777778,0,10280
KH3,12,3,0,1,152,701.56399449,8.44444444,0,10306
KH3,12,3,0,1,153,708.67510560,7.11111111,0,10391
KH3,12,3,0,1,154,714.45288338,5.77777778,0,10489
KH3,12,3,0,1,155,718.89732782,4.44444444,0,10531
KH3,12,3,0,1,156,722.00843893,3.11111111,0,10825
KH3,12,3,0,1,157,723.78621671,1.77777778,0,10641
KH3,12,3,0,0,158,724.23066116,0.44444444,4,7735
KH3,12,3,0,1,159,730.00843893,5.77777778,0,10895
KH3,12,3,0,1,160,734.00843893,4.00000000,0,10243
KH3,12,3,0,1,161,736.67510560,2.66666667,0,10266
KH3,13,3,1,1,162,450.00000000,2.66666667,0,10375
KH3,13,3,1,0,163,430.00000000,2.66666667,2,9928
KH3,13,3,1,0,164,410.00000000,2.66666667,2,9837
KH3,13,3,1,1,165,390.00000000,2.66666667,0,10784
KH3,13,3,1,0,166,370.00000000,2.66666667,2,10074
KH3,13,3,1,0,167,350.00000000,2.66666667,23,2805
KH3,13,3,1,0,168,330.00000000,2.66666667,11,7230
KH3,13,3,1,0,169,310.00000000,2.66666667,28,2546
KH3,13,3,1,0,170,290.00000000,2.66666667,8,8343
KH3,13,3,1,0,171,270.00000000,2.66666667,26,4213
KH3,13,3,1,0,172,250.00000000,2.66666667,26,4393
